2;1;16
2;2;9
2;3;8
2;4;8
2;5;8
2;6;6
2;7;6
2;8;6
2;9;6
2;10;5
2;11;5
2;12;5
2;13;4
2;14;4
2;15;4
2;16;4
2;17;4
2;18;4
2;19;3
2;20;3
2;21;3
2;22;3
2;23;2
2;24;2
2;25;2
2;26;2
2;27;2
2;28;2
2;29;2
2;30;2
2;31;2
2;32;2
2;33;2
2;34;2
2;35;2
2;36;2
2;37;2
2;38;2
2;39;2
2;40;2
2;41;2
2;42;2
2;43;2
2;44;1
2;45;1
2;46;1
2;47;1
2;48;1
2;49;1
2;50;1
2;51;1
2;52;1
2;53;1
2;54;1
2;55;1
2;56;1
2;57;1
2;58;1
2;59;1
2;60;1
2;61;1
2;62;1
2;63;1
2;64;1
2;65;1
2;66;1
2;67;1
2;68;1
2;69;1
2;70;1
2;71;1
2;72;1
2;73;1
2;74;1
2;75;1
2;76;1
2;77;1
2;78;1
2;79;1
2;80;1
2;81;1
2;82;1
2;83;1
2;84;1
2;85;1
2;86;1
2;87;1
2;88;1
2;89;1
2;90;1
2;91;1
2;92;1
2;93;1
2;94;1
2;95;1
2;96;1
2;97;1
2;98;1
2;99;1
2;100;1
2;101;1
2;102;1
2;103;1
2;104;1
2;105;1
2;106;1
2;107;1
3;108;49
3;109;48
3;110;24
3;62;20
3;111;19
3;112;8
3;113;6
3;114;4
3;115;3
3;116;3
3;117;2
3;118;2
3;4;2
3;119;2
3;120;2
3;121;2
3;122;2
3;123;1
3;124;1
3;106;1
3;125;1
3;126;1
3;21;1
3;127;1
3;5;1
3;28;1
3;128;1
3;129;1
4;41;49
4;130;22
4;131;14
4;132;10
4;133;8
4;134;7
4;135;7
4;136;6
4;137;5
4;138;4
4;139;4
4;140;3
4;96;3
4;141;3
4;142;3
4;143;3
4;76;3
4;144;2
4;145;2
4;146;2
4;147;2
4;148;2
4;149;2
4;150;2
4;151;2
4;152;2
4;153;2
4;24;2
4;154;2
4;155;1
4;156;1
4;157;1
4;158;1
4;89;1
4;159;1
4;160;1
4;161;1
4;162;1
4;163;1
4;19;1
4;164;1
4;165;1
4;166;1
4;167;1
4;102;1
4;168;1
4;65;1
4;74;1
4;169;1
5;148;98
5;170;32
5;136;9
5;141;8
5;30;7
5;171;6
5;172;4
5;173;3
5;150;3
5;147;3
5;24;2
5;8;2
5;174;2
5;96;2
5;10;2
5;175;2
5;69;1
5;176;1
5;177;1
5;178;1
5;93;1
5;63;1
5;163;1
5;179;1
5;180;1
5;5;1
5;181;1
5;182;1
5;183;1
5;58;1
5;184;1
5;185;1
5;1;1
5;186;1
6;187;11
6;10;11
6;179;9
6;188;8
6;174;8
6;7;7
6;189;6
6;64;5
6;190;5
6;35;5
6;69;5
6;191;5
6;150;4
6;61;4
6;192;4
6;193;4
6;194;3
6;195;3
6;155;3
6;196;3
6;197;3
6;163;3
6;172;3
6;84;3
6;198;3
6;8;3
6;4;2
6;199;2
6;96;2
6;200;2
6;1;2
6;201;2
6;202;2
6;203;2
6;204;2
6;205;2
6;206;2
6;207;2
6;12;2
6;208;1
6;48;1
6;209;1
6;13;1
6;37;1
6;81;1
6;20;1
6;210;1
6;211;1
6;212;1
6;33;1
6;22;1
6;213;1
6;3;1
6;214;1
6;215;1
6;216;1
6;217;1
6;218;1
6;219;1
6;220;1
6;221;1
6;222;1
6;100;1
6;134;1
6;223;1
6;75;1
6;72;1
6;91;1
6;224;1
6;148;1
6;225;1
6;16;1
6;226;1
6;227;1
6;38;1
6;161;1
6;228;1
6;229;1
6;230;1
6;231;1
6;92;1
6;232;1
6;98;1
6;233;1
6;234;1
6;235;1
6;236;1
6;53;1
6;14;1
6;237;1
6;5;1
6;82;1
6;238;1
6;239;1
6;186;1
6;240;1
6;141;1
6;241;1
6;242;1
6;30;1
6;243;1
7;16;5
7;75;5
7;46;4
7;189;4
7;28;3
7;162;3
7;69;3
7;14;3
7;4;3
7;27;3
7;21;3
7;118;3
7;122;3
7;244;3
7;234;2
7;245;2
7;246;2
7;13;2
7;109;2
7;51;2
7;247;2
7;18;2
7;248;2
7;249;2
7;250;2
7;76;2
7;106;2
7;251;2
7;29;2
7;22;2
7;1;1
7;252;1
7;253;1
7;199;1
7;98;1
7;254;1
7;255;1
7;100;1
7;19;1
7;12;1
7;243;1
7;256;1
7;257;1
7;258;1
7;56;1
7;259;1
7;125;1
7;50;1
7;25;1
7;260;1
7;174;1
7;261;1
7;262;1
7;263;1
7;264;1
7;265;1
7;266;1
7;267;1
7;268;1
7;269;1
7;270;1
7;271;1
7;68;1
7;272;1
7;273;1
7;274;1
7;275;1
7;105;1
7;276;1
7;277;1
7;130;1
7;278;1
7;279;1
7;229;1
7;280;1
7;36;1
7;35;1
7;223;1
7;281;1
7;173;1
7;33;1
7;282;1
7;283;1
7;284;1
8;210;47
8;285;27
8;286;8
8;287;7
8;288;5
8;8;3
8;84;3
8;289;2
8;290;2
8;291;2
8;292;2
8;228;2
8;192;2
8;293;2
8;75;2
8;294;2
8;295;2
8;19;2
8;186;2
8;230;2
8;240;2
8;199;2
8;296;2
8;297;2
8;10;1
8;298;1
8;174;1
8;46;1
8;155;1
8;299;1
8;300;1
8;301;1
8;302;1
8;3;1
8;303;1
8;246;1
8;304;1
8;305;1
8;47;1
8;306;1
8;136;1
8;213;1
8;172;1
8;307;1
8;4;1
8;13;1
8;61;1
8;308;1
8;278;1
8;309;1
8;36;1
8;58;1
8;269;1
8;310;1
8;72;1
8;311;1
9;312;33
9;206;13
9;313;11
9;314;11
9;315;9
9;283;8
9;316;5
9;317;4
9;318;4
9;247;3
9;51;3
9;319;3
9;320;2
9;321;2
9;322;2
9;50;2
9;323;2
9;324;1
9;325;1
9;27;1
9;68;1
9;326;1
9;234;1
9;327;1
9;122;1
9;249;1
9;21;1
9;328;1
9;329;1
9;330;1
9;331;1
9;240;1
9;186;1
9;332;1
9;35;1
9;333;1
9;334;1
9;52;1
9;335;1
9;260;1
9;117;1
10;28;25
10;76;18
10;112;16
10;118;13
10;18;12
10;29;9
10;67;9
10;24;6
10;109;6
10;336;5
10;337;5
10;42;5
10;108;4
10;338;4
10;339;3
10;251;3
10;340;3
10;341;3
10;342;3
10;343;3
10;119;3
10;344;3
10;123;2
10;345;2
10;346;2
10;347;2
10;11;2
10;348;2
10;125;2
10;349;2
10;350;1
10;351;1
10;352;1
10;353;1
10;354;1
10;194;1
10;129;1
10;355;1
10;356;1
10;357;1
10;358;1
10;359;1
10;360;1
10;361;1
11;4;29
11;125;27
11;21;11
11;362;11
11;13;9
11;122;7
11;69;6
11;27;5
11;14;5
11;111;5
11;51;5
11;363;5
11;48;4
11;296;4
11;26;4
11;364;4
11;271;3
11;365;3
11;366;3
11;25;3
11;367;3
11;368;3
11;303;3
11;369;2
11;268;2
11;5;2
11;175;2
11;370;2
11;371;2
11;68;2
11;50;2
11;372;1
11;373;1
11;94;1
11;110;1
11;307;1
11;374;1
11;289;1
11;375;1
11;272;1
11;98;1
11;376;1
11;377;1
11;378;1
11;379;1
11;380;1
11;381;1
11;382;1
11;383;1
11;384;1
11;259;1
11;385;1
11;114;1
11;135;1
11;253;1
11;386;1
11;387;1
11;388;1
11;389;1
11;390;1
11;391;1
11;28;1
11;226;1
11;323;1
11;234;1
11;392;1
11;393;1
11;249;1
11;394;1
11;39;1
11;395;1
11;396;1
11;112;1
11;397;1
11;398;1
11;399;1
11;62;1
11;400;1
11;401;1
11;402;1
11;403;1
11;184;1
11;404;1
11;59;1
11;194;1
11;299;1
12;125;11
12;368;11
12;69;6
12;405;5
12;50;5
12;155;4
12;230;4
12;16;4
12;27;4
12;59;3
12;240;3
12;5;3
12;4;3
12;406;3
12;407;3
12;226;3
12;299;3
12;237;2
12;51;2
12;48;1
12;163;1
12;408;1
12;409;1
12;363;1
12;272;1
12;304;1
12;341;1
12;112;1
12;232;1
12;14;1
12;410;1
12;411;1
12;412;1
12;249;1
12;305;1
12;186;1
12;189;1
12;11;1
12;413;1
12;414;1
12;253;1
12;415;1
12;303;1
12;416;1
12;260;1
12;417;1
12;323;1
12;418;1
12;419;1
12;420;1
12;421;1
12;371;1
12;17;1
12;195;1
13;422;91
13;423;16
13;424;14
13;425;12
13;426;5
13;427;5
13;428;5
13;429;4
13;430;4
13;431;4
13;432;3
13;433;3
13;434;2
13;435;2
13;436;2
13;437;2
13;438;2
13;439;2
13;440;2
13;441;1
13;442;1
13;443;1
13;444;1
13;445;1
13;446;1
13;447;1
14;249;35
14;448;3
14;449;2
14;450;1
15;125;44
15;155;7
15;4;6
15;50;6
15;405;5
15;26;4
15;268;4
15;368;3
15;249;3
15;25;2
15;189;2
15;451;2
15;452;1
15;14;1
15;453;1
15;27;1
15;395;1
15;57;1
15;13;1
15;68;1
15;454;1
15;371;1
15;303;1
15;186;1
15;455;1
15;456;1
15;112;1
15;457;1
15;21;1
15;458;1
15;98;1
15;283;1
15;459;1
15;460;1
15;96;1
15;461;1
15;462;1
15;449;1
15;463;1
15;464;1
15;465;1
15;5;1
15;51;1
15;118;1
15;466;1
15;467;1
15;308;1
15;468;1
15;469;1
16;27;20
16;259;15
16;162;15
16;16;14
16;29;10
16;470;7
16;74;7
16;159;6
16;46;5
16;471;3
16;235;3
16;133;3
16;151;3
16;472;3
16;75;3
16;304;3
16;450;3
16;473;2
16;139;2
16;166;2
16;414;2
16;76;2
16;98;2
16;474;2
16;253;2
16;58;2
16;475;1
16;192;1
16;51;1
16;476;1
16;319;1
16;47;1
16;250;1
16;477;1
16;478;1
16;217;1
16;72;1
16;79;1
16;183;1
16;479;1
16;193;1
16;480;1
16;204;1
16;226;1
16;481;1
16;189;1
16;220;1
16;482;1
16;483;1
16;484;1
16;485;1
16;200;1
17;179;61
17;201;23
17;486;11
17;487;11
17;163;9
17;217;8
17;147;7
17;172;5
17;165;4
17;488;4
17;30;4
17;191;4
17;489;3
17;136;3
17;490;2
17;491;2
17;174;2
17;183;2
17;492;2
17;1;2
17;77;2
17;34;2
17;493;2
17;494;1
17;495;1
17;496;1
17;211;1
17;194;1
17;497;1
17;498;1
17;499;1
17;500;1
17;31;1
17;263;1
17;501;1
17;502;1
17;88;1
17;503;1
17;269;1
17;273;1
17;504;1
17;308;1
17;24;1
17;388;1
17;216;1
17;223;1
17;475;1
17;505;1
17;506;1
17;154;1
17;507;1
17;508;1
17;210;1
17;509;1
17;510;1
17;511;1
17;512;1
17;513;1
17;231;1
17;514;1
17;515;1
17;199;1
17;140;1
17;171;1
17;221;1
17;516;1
17;517;1
17;518;1
17;74;1
17;2;1
17;295;1
17;164;1
17;8;1
17;519;1
17;84;1
17;520;1
17;115;1
17;521;1
18;39;56
18;41;17
18;522;13
18;523;5
18;11;5
18;524;4
18;53;3
18;525;2
18;526;2
18;48;1
18;527;1
18;331;1
18;528;1
18;120;1
18;334;1
18;529;1
18;530;1
19;5;17
19;4;12
19;21;11
19;69;11
19;51;9
19;272;9
19;50;8
19;98;7
19;405;6
19;125;6
19;122;6
19;25;5
19;27;5
19;196;5
19;26;5
19;303;5
19;13;5
19;14;4
19;155;4
19;44;4
19;248;4
19;293;3
19;247;3
19;380;3
19;62;3
19;249;3
19;471;3
19;531;3
19;532;2
19;367;2
19;371;2
19;533;2
19;237;2
19;268;2
19;534;2
19;52;2
19;535;2
19;489;2
19;536;2
19;135;2
19;318;2
19;400;2
19;68;2
19;7;1
19;537;1
19;538;1
19;193;1
19;539;1
19;540;1
19;541;1
19;542;1
19;175;1
19;243;1
19;260;1
19;259;1
19;115;1
19;329;1
19;543;1
19;366;1
19;544;1
19;262;1
19;451;1
19;526;1
19;545;1
19;546;1
19;253;1
19;16;1
19;518;1
19;408;1
19;547;1
19;548;1
19;183;1
19;549;1
19;550;1
19;283;1
19;551;1
19;321;1
19;322;1
19;341;1
19;184;1
19;468;1
19;305;1
19;117;1
19;403;1
19;61;1
19;290;1
19;210;1
19;552;1
19;67;1
19;553;1
19;554;1
19;555;1
19;33;1
19;180;1
19;224;1
20;556;27
20;122;21
20;536;16
20;557;16
20;69;13
20;48;13
20;21;11
20;531;7
20;98;6
20;272;6
20;395;6
20;189;5
20;558;3
20;559;3
20;366;3
20;560;3
20;305;2
20;454;2
20;226;2
20;50;2
20;533;2
20;456;2
20;561;1
20;562;1
20;563;1
20;564;1
20;565;1
20;155;1
20;45;1
20;566;1
20;368;1
20;246;1
20;26;1
20;555;1
20;429;1
20;284;1
20;14;1
20;567;1
20;371;1
20;445;1
20;568;1
20;413;1
20;13;1
20;453;1
20;569;1
20;570;1
20;571;1
20;572;1
20;573;1
20;574;1
20;538;1
20;575;1
20;543;1
20;576;1
20;577;1
20;578;1
20;579;1
20;580;1
20;303;1
20;232;1
20;509;1
20;380;1
20;581;1
20;582;1
20;44;1
20;243;1
21;59;40
21;155;21
21;299;2
21;240;2
21;547;2
21;321;1
21;230;1
21;186;1
21;583;1
21;71;1
21;189;1
21;30;1
21;167;1
21;584;1
21;133;1
21;152;1
21;76;1
21;204;1
21;585;1
21;586;1
21;225;1
21;295;1
21;587;1
21;588;1
21;75;1
21;246;1
21;165;1
22;8;28
22;10;15
22;30;10
22;2;9
22;3;8
22;1;8
22;589;4
22;9;4
22;20;3
22;73;2
22;188;2
22;22;2
22;84;2
22;590;2
22;33;2
22;196;2
22;32;2
22;591;2
22;78;2
22;592;1
22;147;1
22;193;1
22;72;1
22;497;1
22;155;1
22;94;1
22;593;1
22;208;1
22;594;1
22;533;1
22;191;1
22;172;1
22;268;1
22;595;1
22;235;1
22;230;1
22;79;1
22;219;1
22;24;1
22;596;1
22;61;1
22;318;1
22;81;1
22;150;1
22;37;1
22;597;1
22;598;1
23;14;29
23;13;14
23;21;11
23;189;7
23;50;6
23;393;5
23;552;5
23;206;4
23;26;4
23;321;4
23;272;3
23;117;3
23;155;3
23;230;3
23;380;2
23;4;2
23;319;2
23;125;2
23;533;2
23;245;2
23;599;2
23;225;2
23;98;2
23;62;2
23;600;1
23;601;1
23;602;1
23;36;1
23;228;1
23;289;1
23;264;1
23;603;1
23;461;1
23;17;1
23;5;1
23;604;1
23;605;1
23;606;1
23;172;1
23;243;1
23;607;1
23;608;1
23;609;1
23;517;1
23;70;1
23;348;1
23;158;1
23;452;1
23;8;1
23;247;1
23;358;1
24;96;10
24;610;8
24;89;5
24;72;5
24;611;5
24;612;3
24;150;3
24;613;3
24;193;3
24;78;3
24;75;2
24;614;2
24;95;2
24;304;2
24;162;2
24;1;2
24;35;2
24;24;2
24;3;2
24;74;2
24;230;2
24;283;2
24;225;2
24;388;2
24;66;2
24;363;2
24;615;1
24;25;1
24;22;1
24;616;1
24;158;1
24;236;1
24;617;1
24;319;1
24;297;1
24;240;1
24;318;1
24;59;1
24;618;1
24;619;1
24;28;1
24;470;1
24;30;1
24;620;1
24;308;1
24;593;1
24;601;1
24;243;1
24;32;1
24;589;1
24;67;1
24;92;1
24;336;1
24;621;1
24;159;1
24;17;1
24;622;1
24;190;1
24;81;1
24;623;1
24;624;1
24;603;1
24;625;1
24;293;1
24;366;1
24;269;1
24;292;1
24;172;1
24;274;1
24;586;1
24;562;1
24;626;1
24;19;1
24;166;1
24;496;1
24;215;1
24;627;1
24;7;1
24;239;1
24;628;1
24;182;1
24;285;1
24;70;1
24;174;1
24;629;1
25;395;25
25;246;11
25;48;9
25;630;8
25;631;7
25;189;6
25;411;3
25;69;3
25;632;3
25;179;2
25;380;2
25;125;2
25;122;2
25;98;2
25;633;1
25;221;1
25;634;1
25;635;1
25;247;1
25;51;1
25;636;1
25;174;1
25;34;1
25;230;1
25;368;1
25;366;1
25;7;1
25;456;1
25;305;1
25;201;1
25;637;1
26;316;12
26;315;10
26;532;6
26;527;6
26;128;5
26;638;3
26;329;3
26;286;3
26;639;3
26;640;2
26;285;2
26;36;2
26;641;2
26;642;2
26;643;1
26;453;1
26;644;1
26;645;1
26;646;1
26;515;1
26;647;1
26;648;1
26;649;1
26;287;1
26;650;1
26;288;1
26;651;1
27;483;9
27;71;7
27;308;6
27;115;4
27;7;4
27;13;4
27;175;4
27;652;4
27;44;4
27;653;3
27;453;3
27;654;3
27;456;3
27;206;3
27;177;3
27;155;3
27;150;2
27;78;2
27;34;2
27;295;2
27;655;2
27;64;2
27;321;2
27;400;2
27;92;2
27;405;2
27;76;2
27;254;2
27;267;2
27;656;2
27;657;2
27;247;2
27;58;2
27;658;1
27;659;1
27;660;1
27;9;1
27;215;1
27;661;1
27;450;1
27;229;1
27;662;1
27;276;1
27;663;1
27;591;1
27;147;1
27;664;1
27;195;1
27;199;1
27;36;1
27;411;1
27;665;1
27;80;1
27;117;1
27;666;1
27;299;1
27;293;1
27;459;1
27;667;1
27;27;1
27;4;1
27;86;1
27;423;1
27;17;1
27;336;1
27;213;1
27;62;1
27;668;1
27;669;1
27;268;1
27;670;1
27;601;1
27;176;1
27;671;1
27;672;1
27;539;1
27;371;1
27;29;1
27;68;1
27;84;1
27;673;1
27;183;1
27;630;1
27;674;1
28;96;41
28;7;12
28;5;11
28;150;9
28;377;8
28;98;6
28;75;5
28;675;4
28;35;4
28;163;3
28;676;3
28;677;3
28;158;2
28;388;2
28;16;2
28;658;2
28;238;2
28;74;2
28;479;2
28;152;1
28;27;1
28;19;1
28;68;1
28;129;1
28;678;1
28;629;1
28;474;1
28;145;1
28;679;1
28;680;1
28;681;1
28;682;1
28;683;1
28;684;1
28;476;1
28;685;1
28;686;1
28;498;1
28;687;1
29;98;8
29;150;7
29;69;5
29;26;5
29;68;3
29;226;3
29;448;2
29;234;2
29;140;2
29;272;2
29;380;2
29;4;2
29;16;2
29;248;1
29;377;1
29;160;1
29;27;1
29;688;1
29;338;1
29;19;1
29;269;1
29;388;1
29;450;1
29;689;1
29;371;1
29;50;1
29;348;1
29;690;1
29;263;1
29;416;1
29;407;1
29;646;1
29;6;1
29;36;1
29;481;1
29;228;1
29;96;1
29;44;1
30;179;14
30;150;14
30;75;8
30;136;7
30;69;6
30;309;6
30;174;5
30;134;5
30;7;5
30;93;4
30;172;4
30;497;4
30;272;4
30;553;4
30;495;4
30;147;3
30;16;3
30;193;3
30;148;3
30;285;2
30;5;2
30;19;2
30;293;2
30;96;2
30;223;2
30;140;2
30;197;2
30;17;2
30;646;2
30;58;2
30;67;2
30;188;2
30;691;1
30;276;1
30;37;1
30;675;1
30;211;1
30;237;1
30;247;1
30;692;1
30;122;1
30;184;1
30;115;1
30;76;1
30;49;1
30;74;1
30;249;1
30;693;1
30;50;1
30;29;1
30;201;1
30;274;1
30;25;1
30;668;1
30;660;1
30;81;1
30;64;1
30;694;1
30;617;1
30;91;1
30;695;1
30;308;1
30;696;1
30;30;1
30;15;1
30;92;1
30;100;1
30;23;1
30;34;1
30;35;1
30;155;1
30;341;1
30;697;1
30;698;1
30;248;1
30;196;1
30;699;1
30;200;1
30;321;1
30;243;1
30;3;1
30;189;1
30;228;1
30;245;1
30;700;1
30;302;1
30;20;1
30;224;1
30;252;1
30;199;1
30;701;1
30;702;1
30;346;1
31;133;16
31;150;14
31;18;9
31;41;6
31;76;4
31;3;4
31;102;4
31;475;3
31;28;3
31;13;3
31;271;3
31;334;3
31;96;3
31;106;3
31;269;2
31;703;2
31;704;2
31;11;2
31;19;2
31;134;2
31;146;2
31;9;2
31;705;2
31;674;2
31;695;2
31;341;2
31;89;2
31;95;2
31;512;2
31;36;2
31;293;2
31;29;2
31;479;2
31;706;1
31;68;1
31;105;1
31;323;1
31;707;1
31;207;1
31;708;1
31;263;1
31;709;1
31;104;1
31;152;1
31;710;1
31;147;1
31;333;1
31;30;1
31;711;1
31;712;1
31;691;1
31;497;1
31;508;1
31;143;1
31;129;1
31;713;1
31;714;1
31;67;1
31;240;1
31;715;1
31;168;1
31;716;1
31;717;1
31;656;1
31;646;1
31;115;1
31;85;1
31;718;1
31;517;1
31;657;1
31;302;1
31;27;1
31;719;1
31;283;1
31;247;1
31;23;1
31;201;1
31;346;1
31;172;1
31;720;1
31;24;1
31;160;1
31;191;1
31;225;1
31;619;1
31;78;1
31;542;1
31;721;1
31;213;1
31;2;1
31;722;1
31;268;1
31;178;1
31;594;1
31;308;1
31;723;1
31;25;1
31;163;1
31;1;1
31;39;1
31;701;1
31;84;1
31;366;1
31;480;1
31;189;1
31;165;1
31;52;1
31;145;1
31;592;1
31;40;1
31;249;1
31;724;1
31;494;1
31;120;1
31;42;1
31;530;1
32;69;21
32;533;13
32;340;10
32;189;8
32;27;7
32;122;6
32;48;5
32;98;5
32;371;5
32;395;4
32;51;3
32;13;2
32;268;2
32;4;2
32;246;2
32;14;2
32;451;2
32;456;2
32;44;2
32;253;1
32;598;1
32;226;1
32;272;1
32;725;1
32;234;1
32;178;1
32;303;1
32;366;1
32;118;1
32;549;1
32;191;1
32;259;1
32;50;1
32;393;1
32;125;1
32;247;1
33;405;28
33;50;21
33;4;15
33;125;3
33;631;3
33;69;3
33;98;3
33;414;3
33;84;3
33;78;2
33;81;2
33;726;2
33;53;2
33;14;2
33;184;2
33;21;2
33;51;2
33;268;2
33;122;2
33;450;2
33;624;1
33;727;1
33;609;1
33;155;1
33;136;1
33;186;1
33;39;1
33;728;1
33;150;1
33;729;1
33;730;1
33;94;1
33;92;1
33;228;1
33;309;1
33;308;1
33;132;1
33;17;1
33;522;1
33;233;1
33;13;1
33;303;1
33;16;1
33;59;1
33;525;1
33;195;1
33;247;1
33;468;1
33;226;1
33;549;1
33;533;1
33;237;1
33;183;1
33;7;1
33;265;1
33;57;1
33;448;1
33;371;1
33;189;1
33;731;1
33;68;1
33;5;1
33;732;1
33;407;1
34;471;83
34;253;24
34;522;20
34;259;12
34;733;1
35;28;107
35;18;50
35;352;25
35;111;7
35;387;4
35;109;4
36;312;51
36;321;9
36;283;7
36;734;5
36;115;5
36;247;4
36;44;4
36;206;4
36;75;4
36;735;3
36;318;3
36;128;3
36;527;3
36;313;2
36;324;2
36;275;2
36;322;2
36;314;2
36;453;2
36;459;2
36;244;2
36;229;2
36;650;1
36;736;1
36;315;1
36;737;1
36;329;1
36;51;1
36;117;1
36;738;1
36;739;1
36;740;1
36;741;1
36;317;1
36;125;1
36;41;1
36;742;1
36;743;1
36;302;1
36;316;1
36;532;1
36;652;1
36;165;1
36;744;1
36;745;1
36;25;1
36;163;1
36;746;1
36;296;1
36;192;1
36;449;1
36;487;1
36;249;1
36;517;1
36;52;1
36;393;1
37;449;20
37;59;14
37;744;14
37;448;14
37;249;13
37;125;10
37;747;6
37;296;3
37;748;3
37;749;2
37;750;2
37;751;1
37;752;1
37;530;1
37;753;1
37;754;1
37;755;1
37;756;1
37;469;1
37;757;1
37;450;1
37;236;1
37;758;1
38;327;25
38;234;11
38;759;8
38;639;6
38;645;6
38;51;3
38;760;2
38;607;2
38;99;1
38;35;1
38;223;1
38;638;1
38;761;1
39;28;18
39;84;6
39;533;5
39;133;5
39;18;4
39;7;4
39;117;4
39;19;4
39;147;4
39;76;3
39;634;3
39;587;3
39;75;3
39;341;3
39;308;3
39;215;3
39;44;3
39;238;3
39;90;2
39;159;2
39;202;2
39;136;2
39;143;2
39;501;2
39;366;2
39;10;2
39;96;2
39;98;2
39;360;2
39;173;2
39;361;2
39;41;2
39;193;2
39;246;2
39;762;2
39;292;2
39;1;2
39;2;2
39;282;2
39;9;2
39;305;2
39;595;2
39;74;2
39;269;2
39;230;2
39;711;2
39;715;2
39;655;2
39;736;2
39;346;2
39;293;2
39;88;2
39;763;1
39;421;1
39;73;1
39;674;1
39;594;1
39;479;1
39;139;1
39;628;1
39;764;1
39;321;1
39;630;1
39;244;1
39;163;1
39;475;1
39;165;1
39;324;1
39;633;1
39;250;1
39;67;1
39;196;1
39;189;1
39;765;1
39;225;1
39;664;1
39;714;1
39;29;1
39;219;1
39;222;1
39;288;1
39;53;1
39;480;1
39;528;1
39;702;1
39;454;1
39;470;1
39;313;1
39;766;1
39;601;1
39;61;1
39;345;1
39;618;1
39;278;1
39;767;1
39;3;1
39;4;1
39;22;1
39;768;1
39;769;1
39;134;1
39;770;1
39;5;1
39;49;1
39;771;1
39;34;1
39;191;1
39;300;1
39;199;1
39;772;1
39;455;1
39;773;1
39;468;1
39;774;1
39;606;1
39;775;1
39;776;1
39;354;1
39;251;1
39;777;1
39;778;1
39;140;1
39;179;1
39;218;1
39;719;1
39;779;1
39;415;1
39;158;1
39;780;1
40;21;38
40;13;34
40;4;18
40;368;7
40;1;6
40;30;5
40;589;4
40;8;4
40;272;4
40;71;3
40;125;3
40;405;3
40;189;2
40;233;2
40;75;2
40;22;2
40;210;2
40;2;2
40;3;2
40;631;2
40;407;2
40;319;1
40;28;1
40;196;1
40;26;1
40;50;1
40;48;1
40;226;1
40;480;1
40;177;1
40;781;1
40;61;1
40;679;1
40;152;1
40;150;1
40;164;1
40;293;1
40;268;1
40;285;1
40;259;1
40;10;1
40;88;1
40;14;1
40;17;1
40;5;1
40;53;1
40;598;1
40;98;1
40;162;1
40;249;1
40;69;1
40;728;1
40;184;1
40;136;1
41;318;62
41;315;49
41;527;47
41;316;4
41;534;3
41;286;1
41;782;1
41;532;1
41;296;1
42;230;89
42;59;35
42;186;9
42;363;9
42;240;8
42;155;6
42;296;5
42;466;5
42;366;4
42;318;4
42;393;4
42;552;3
42;192;2
42;783;2
42;71;2
42;224;1
42;784;1
42;191;1
42;299;1
42;695;1
42;243;1
42;746;1
42;782;1
42;533;1
42;586;1
42;173;1
42;371;1
42;170;1
42;737;1
42;785;1
42;127;1
42;1;1
43;786;5
43;405;11
43;787;10
43;13;5
43;17;4
43;4;4
43;245;4
43;12;3
43;155;3
43;84;3
43;136;3
43;186;2
43;125;2
43;675;2
43;421;2
43;553;2
43;240;2
43;781;2
43;20;2
43;26;2
43;8;2
43;631;2
43;81;2
43;98;2
43;228;2
43;229;1
43;542;1
43;174;1
43;16;1
43;287;1
43;522;1
43;489;1
43;58;1
43;235;1
43;72;1
43;788;1
43;163;1
43;7;1
43;162;1
43;226;1
43;593;1
43;789;1
43;790;1
43;791;1
43;792;1
43;73;1
43;150;1
43;793;1
43;87;1
43;207;1
43;794;1
43;61;1
43;69;1
43;510;1
43;679;1
43;152;1
43;525;1
43;3;1
43;272;1
43;295;1
43;34;1
43;624;1
43;785;1
43;795;1
43;796;1
43;711;1
43;30;1
43;23;1
43;215;1
43;708;1
43;230;1
43;797;1
43;50;1
43;64;1
43;213;1
43;201;1
43;179;1
43;187;1
43;74;1
43;250;1
43;194;1
43;583;1
43;798;1
44;405;15
44;450;7
44;553;5
44;454;5
44;125;4
44;368;4
44;4;4
44;542;3
44;98;3
44;26;3
44;233;3
44;184;2
44;631;2
44;423;2
44;234;2
44;5;2
44;50;2
44;799;2
44;465;2
44;800;2
44;801;1
44;802;1
44;803;1
44;272;1
44;338;1
44;27;1
44;448;1
44;804;1
44;335;1
44;805;1
44;806;1
44;16;1
44;605;1
44;807;1
44;21;1
44;456;1
44;407;1
44;808;1
44;371;1
45;341;22
45;28;19
45;29;16
45;18;14
45;359;11
45;76;10
45;67;10
45;346;6
45;56;4
45;7;4
45;353;4
45;106;3
45;117;3
45;809;3
45;810;3
45;42;3
45;361;2
45;251;2
45;159;2
45;371;2
45;656;2
45;480;2
45;74;2
45;337;2
45;161;2
45;510;2
45;206;1
45;109;1
45;811;1
45;190;1
45;812;1
45;813;1
45;345;1
45;814;1
45;298;1
45;276;1
45;53;1
45;213;1
45;815;1
45;456;1
45;712;1
45;816;1
45;405;1
45;115;1
45;652;1
45;527;1
45;817;1
45;19;1
45;96;1
45;160;1
45;588;1
45;624;1
45;278;1
45;103;1
45;818;1
45;670;1
45;208;1
45;819;1
45;820;1
45;268;1
45;525;1
45;407;1
45;202;1
45;155;1
45;821;1
45;822;1
45;309;1
45;247;1
45;201;1
45;340;1
45;823;1
45;336;1
45;176;1
45;234;1
45;240;1
45;824;1
45;12;1
45;17;1
45;229;1
45;825;1
45;191;1
45;702;1
45;826;1
45;354;1
45;827;1
45;828;1
45;829;1
45;343;1
46;26;10
46;69;7
46;4;6
46;5;6
46;189;5
46;366;5
46;265;5
46;51;4
46;451;4
46;48;4
46;21;4
46;50;4
46;122;3
46;272;3
46;575;3
46;24;3
46;290;2
46;543;2
46;393;2
46;98;2
46;248;2
46;150;2
46;303;2
46;584;2
46;96;2
46;380;2
46;421;2
46;405;2
46;459;1
46;611;1
46;830;1
46;831;1
46;207;1
46;175;1
46;299;1
46;535;1
46;234;1
46;192;1
46;296;1
46;31;1
46;230;1
46;13;1
46;334;1
46;641;1
46;832;1
46;195;1
46;683;1
46;100;1
46;162;1
46;833;1
46;547;1
46;58;1
46;134;1
46;77;1
46;172;1
46;452;1
46;64;1
46;247;1
46;237;1
46;422;1
46;268;1
46;701;1
46;213;1
46;246;1
46;81;1
46;73;1
46;797;1
46;631;1
46;632;1
46;529;1
46;28;1
46;680;1
46;92;1
46;20;1
46;323;1
46;834;1
46;835;1
46;305;1
46;496;1
46;179;1
46;25;1
46;46;1
46;249;1
46;635;1
46;498;1
46;307;1
47;155;14
47;125;11
47;448;7
47;308;5
47;268;4
47;230;3
47;267;3
47;240;3
47;249;3
47;50;3
47;455;2
47;836;2
47;652;2
47;17;2
47;57;2
47;835;2
47;186;2
47;711;2
47;21;2
47;422;2
47;837;2
47;838;2
47;206;2
47;785;2
47;839;2
47;30;2
47;808;2
47;744;2
47;840;2
47;449;2
47;135;2
47;841;2
47;842;2
47;421;1
47;2;1
47;191;1
47;453;1
47;96;1
47;757;1
47;211;1
47;270;1
47;588;1
47;225;1
47;368;1
47;13;1
47;405;1
47;843;1
47;440;1
47;12;1
47;501;1
47;844;1
47;845;1
47;82;1
47;248;1
47;80;1
47;8;1
47;255;1
47;633;1
47;190;1
47;7;1
47;450;1
47;92;1
47;722;1
47;177;1
47;148;1
47;4;1
47;846;1
47;26;1
47;468;1
47;445;1
47;729;1
47;847;1
47;848;1
47;849;1
47;33;1
47;290;1
47;850;1
47;851;1
47;664;1
47;852;1
47;71;1
47;299;1
47;84;1
47;61;1
47;810;1
47;853;1
47;827;1
47;854;1
47;427;1
47;380;1
47;59;1
48;341;71
48;112;44
48;28;38
48;346;26
48;18;11
48;277;1
49;13;37
49;1;14
49;3;12
49;24;11
49;8;9
49;21;7
49;31;4
49;4;4
49;348;3
49;247;3
49;189;3
49;27;2
49;272;2
49;26;2
49;51;2
49;112;2
49;81;2
49;61;2
49;196;2
49;631;2
49;16;2
49;855;2
49;589;1
49;234;1
49;856;1
49;14;1
49;118;1
49;248;1
49;69;1
49;249;1
49;219;1
49;164;1
49;308;1
49;139;1
49;33;1
49;276;1
49;205;1
49;92;1
49;230;1
49;125;1
49;183;1
49;190;1
49;115;1
49;206;1
49;210;1
49;395;1
49;48;1
49;857;1
49;788;1
49;407;1
49;98;1
49;259;1
49;636;1
49;380;1
50;75;127
50;250;27
50;162;14
50;621;6
50;479;5
50;150;4
50;74;4
50;29;4
50;166;3
50;6;2
50;241;2
50;46;2
50;96;2
50;146;1
50;15;1
50;207;1
50;497;1
50;470;1
50;168;1
50;858;1
50;158;1
50;239;1
50;164;1
51;125;17
51;296;11
51;48;8
51;407;5
51;189;5
51;75;4
51;1;4
51;24;3
51;122;3
51;554;3
51;693;3
51;146;3
51;3;3
51;859;2
51;28;2
51;860;2
51;653;2
51;618;2
51;305;2
51;514;2
51;197;2
51;8;2
51;13;2
51;17;2
51;353;1
51;861;1
51;29;1
51;341;1
51;76;1
51;56;1
51;862;1
51;863;1
51;159;1
51;419;1
51;90;1
51;495;1
51;864;1
51;487;1
51;259;1
51;77;1
51;468;1
51;72;1
51;475;1
51;283;1
51;10;1
51;290;1
51;209;1
51;23;1
51;593;1
51;115;1
51;4;1
51;502;1
51;212;1
51;238;1
51;7;1
51;150;1
51;162;1
51;234;1
51;50;1
51;136;1
51;163;1
51;95;1
51;865;1
51;709;1
51;866;1
51;772;1
51;22;1
51;518;1
52;16;48
52;246;25
52;269;23
52;249;18
52;189;11
52;192;7
52;72;6
52;701;6
52;247;5
52;193;5
52;867;4
52;225;4
52;215;3
52;229;3
52;48;3
52;125;2
52;319;2
52;321;2
52;533;2
52;868;2
52;869;2
52;303;1
52;405;1
52;226;1
52;27;1
52;549;1
52;703;1
52;809;1
52;692;1
52;305;1
52;870;1
52;871;1
52;36;1
52;14;1
52;407;1
52;206;1
53;872;1
53;295;57
53;873;9
53;874;2
53;566;2
53;875;1
53;371;1
53;876;1
53;877;1
53;267;1
53;456;1
53;628;1
53;816;1
53;878;1
53;281;1
53;462;1
53;64;1
53;429;1
53;879;1
53;880;1
53;881;1
53;723;1
53;750;1
53;882;1
53;20;1
53;883;1
53;630;1
53;30;1
54;292;47
54;549;16
54;246;14
54;456;13
54;98;7
54;189;6
54;636;4
54;680;3
54;269;3
54;699;2
54;313;2
54;247;2
54;16;2
54;284;2
54;252;1
54;692;1
54;104;1
54;533;1
54;220;1
54;48;1
54;630;1
54;884;1
54;63;1
55;89;6
55;682;4
55;366;4
55;69;4
55;885;4
55;136;4
55;886;3
55;208;3
55;887;3
55;637;3
55;34;3
55;98;2
55;888;2
55;889;2
55;74;2
55;380;2
55;105;2
55;51;2
55;456;2
55;147;2
55;671;2
55;229;1
55;452;1
55;890;1
55;197;1
55;776;1
55;891;1
55;892;1
55;893;1
55;75;1
55;163;1
55;508;1
55;283;1
55;561;1
55;572;1
55;894;1
55;174;1
55;672;1
55;895;1
55;896;1
55;217;1
55;695;1
55;657;1
55;897;1
55;898;1
55;899;1
55;765;1
55;501;1
55;371;1
55;179;1
55;309;1
55;234;1
55;313;1
55;900;1
55;574;1
55;459;1
55;901;1
55;902;1
56;450;37
56;422;34
56;432;9
56;407;7
56;426;5
56;430;5
56;435;4
56;631;3
56;440;3
56;416;3
56;550;2
56;428;2
56;423;2
56;903;1
56;427;1
56;444;1
56;433;1
56;419;1
56;445;1
56;904;1
56;434;1
56;635;1
56;905;1
56;906;1
56;424;1
56;235;1
57;631;6
57;321;3
57;30;3
57;4;3
57;468;3
57;348;2
57;386;2
57;50;2
57;8;2
57;601;2
57;159;2
57;407;2
57;254;1
57;24;1
57;33;1
57;869;1
57;907;1
57;589;1
57;371;1
57;31;1
57;594;1
57;908;1
57;36;1
57;450;1
57;547;1
57;909;1
57;910;1
57;366;1
57;595;1
57;637;1
57;34;1
57;225;1
57;228;1
57;174;1
57;911;1
57;912;1
57;48;1
57;731;1
57;617;1
57;913;1
57;525;1
57;129;1
57;697;1
57;292;1
57;1;1
57;3;1
58;638;38
58;639;30
58;914;18
58;327;15
58;35;13
58;645;9
58;7;6
58;915;5
58;916;5
58;524;4
58;686;4
58;223;4
58;651;2
58;917;2
58;761;2
58;695;2
58;642;2
58;918;1
58;919;1
58;216;1
58;133;1
58;29;1
58;832;1
58;34;1
58;920;1
58;91;1
58;163;1
58;195;1
59;5;16
59;150;14
59;27;13
59;19;12
59;98;9
59;96;5
59;7;5
59;680;3
59;16;3
59;271;3
59;51;3
59;207;2
59;195;2
59;259;2
59;68;2
59;46;2
59;238;2
59;34;2
59;25;2
59;380;2
59;4;2
59;69;2
59;91;1
59;74;1
59;494;1
59;703;1
59;13;1
59;504;1
59;178;1
59;134;1
59;163;1
59;217;1
59;782;1
59;629;1
59;694;1
59;9;1
59;658;1
59;497;1
59;201;1
59;303;1
59;479;1
59;75;1
59;66;1
59;921;1
59;179;1
59;200;1
59;475;1
59;48;1
59;53;1
59;621;1
59;50;1
59;922;1
59;382;1
59;923;1
59;421;1
59;538;1
59;15;1
59;920;1
59;90;1
59;594;1
60;125;54
60;224;8
60;230;6
60;59;6
60;249;5
60;448;3
60;533;3
60;150;3
60;155;3
60;50;3
60;368;2
60;318;2
60;164;2
60;228;2
60;7;2
60;386;2
60;46;1
60;592;1
60;94;1
60;924;1
60;199;1
60;858;1
60;925;1
60;12;1
60;926;1
60;139;1
60;388;1
60;197;1
60;247;1
60;75;1
60;359;1
60;72;1
60;66;1
60;927;1
60;51;1
60;189;1
60;607;1
60;465;1
60;117;1
60;21;1
60;69;1
60;542;1
60;98;1
60;495;1
60;186;1
60;192;1
60;160;1
60;588;1
60;226;1
60;115;1
60;299;1
60;4;1
60;18;1
60;127;1
60;161;1
60;363;1
60;309;1
60;292;1
60;210;1
60;71;1
60;307;1
60;229;1
60;594;1
60;96;1
60;300;1
60;64;1
60;184;1
61;72;6
61;299;6
61;302;6
61;17;5
61;3;4
61;691;4
61;75;4
61;71;4
61;155;4
61;697;4
61;293;4
61;183;3
61;30;3
61;41;3
61;133;3
61;150;3
61;248;3
61;191;3
61;18;3
61;147;3
61;36;3
61;592;3
61;928;3
61;244;2
61;366;2
61;1;2
61;737;2
61;275;2
61;134;2
61;423;2
61;240;2
61;74;2
61;229;2
61;497;2
61;621;2
61;182;2
61;201;2
61;193;2
61;94;2
61;929;2
61;162;2
61;199;2
61;170;2
61;230;2
61;308;2
61;930;2
61;701;2
61;84;2
61;593;1
61;584;1
61;145;1
61;931;1
61;386;1
61;414;1
61;932;1
61;234;1
61;933;1
61;215;1
61;533;1
61;630;1
61;24;1
61;235;1
61;117;1
61;16;1
61;924;1
61;490;1
61;92;1
61;830;1
61;934;1
61;762;1
61;224;1
61;595;1
61;142;1
61;28;1
61;646;1
61;935;1
61;138;1
61;48;1
61;44;1
61;936;1
61;130;1
61;29;1
61;893;1
61;100;1
61;167;1
61;276;1
61;103;1
61;796;1
61;274;1
61;798;1
61;205;1
61;806;1
61;937;1
61;66;1
61;96;1
61;938;1
61;269;1
61;40;1
61;939;1
61;8;1
61;524;1
61;47;1
61;409;1
61;910;1
61;144;1
61;7;1
61;34;1
61;940;1
61;19;1
61;9;1
61;547;1
61;863;1
61;228;1
61;941;1
61;172;1
61;173;1
61;525;1
61;179;1
61;140;1
61;514;1
61;58;1
61;49;1
61;655;1
61;702;1
61;606;1
61;445;1
61;33;1
61;942;1
61;210;1
61;594;1
61;495;1
61;296;1
61;943;1
61;944;1
61;67;1
61;341;1
61;945;1
61;588;1
61;196;1
61;927;1
61;717;1
61;724;1
61;310;1
61;946;1
61;192;1
61;711;1
61;188;1
62;240;7
62;271;7
62;201;6
62;194;6
62;150;5
62;233;4
62;44;4
62;125;4
62;5;4
62;508;4
62;69;4
62;366;4
62;16;3
62;247;3
62;248;3
62;305;3
62;788;3
62;51;3
62;9;3
62;4;3
62;230;3
62;693;3
62;27;3
62;947;3
62;371;3
62;13;3
62;272;3
62;716;3
62;23;2
62;96;2
62;75;2
62;283;2
62;74;2
62;14;2
62;48;2
62;163;2
62;941;2
62;7;2
62;34;2
62;64;2
62;948;2
62;189;2
62;21;2
62;119;2
62;12;2
62;94;2
62;708;2
62;26;2
62;154;1
62;6;1
62;236;1
62;128;1
62;787;1
62;453;1
62;117;1
62;90;1
62;105;1
62;770;1
62;198;1
62;207;1
62;68;1
62;215;1
62;292;1
62;949;1
62;494;1
62;253;1
62;888;1
62;688;1
62;598;1
62;395;1
62;607;1
62;950;1
62;50;1
62;31;1
62;30;1
62;380;1
62;259;1
62;303;1
62;451;1
62;525;1
62;951;1
62;155;1
62;490;1
62;471;1
62;310;1
62;952;1
62;183;1
62;76;1
62;211;1
62;672;1
62;208;1
62;631;1
62;15;1
62;175;1
62;421;1
62;351;1
62;953;1
62;718;1
62;151;1
62;321;1
62;456;1
62;115;1
62;206;1
62;363;1
62;95;1
62;954;1
62;336;1
62;475;1
62;18;1
62;199;1
62;184;1
62;118;1
62;405;1
62;265;1
62;588;1
62;300;1
62;28;1
62;308;1
62;136;1
62;249;1
62;599;1
62;955;1
62;956;1
62;621;1
64;13;68
64;4;21
64;21;11
64;174;5
64;405;4
64;450;4
64;77;4
64;631;2
64;27;2
64;125;1
64;89;1
64;407;1
64;957;1
64;958;1
64;897;1
64;959;1
64;826;1
64;50;1
64;624;1
64;122;1
64;575;1
64;189;1
64;960;1
64;547;1
64;194;1
64;323;1
65;615;4
65;316;3
65;740;3
65;125;2
65;4;2
65;641;2
65;128;2
65;289;2
65;407;2
65;961;1
65;453;1
65;552;1
65;329;1
65;51;1
65;598;1
65;315;1
65;221;1
65;541;1
65;645;1
65;643;1
65;169;1
65;962;1
65;468;1
65;642;1
65;529;1
65;963;1
65;13;1
65;476;1
65;252;1
66;449;32
66;249;16
66;125;8
66;744;6
66;296;5
66;407;4
66;851;3
66;236;3
66;450;2
66;419;2
66;964;1
66;617;1
66;198;1
66;677;1
66;748;1
66;965;1
66;230;1
66;4;1
66;448;1
66;966;1
66;627;1
66;967;1
66;290;1
66;864;1
66;754;1
68;240;9
68;268;6
68;755;6
68;456;6
68;249;6
68;448;6
68;155;5
68;405;5
68;186;4
68;308;4
68;808;3
68;26;3
68;455;3
68;711;3
68;17;3
68;92;2
68;33;2
68;836;2
68;744;2
68;50;2
68;98;2
68;125;2
68;25;2
68;21;2
68;247;2
68;4;2
68;721;2
68;211;2
68;206;2
68;236;2
68;968;2
68;192;2
68;865;2
68;415;2
68;969;1
68;232;1
68;465;1
68;303;1
68;617;1
68;406;1
68;324;1
68;122;1
68;51;1
68;970;1
68;454;1
68;971;1
68;267;1
68;972;1
68;489;1
68;775;1
68;664;1
68;112;1
68;201;1
68;248;1
68;198;1
68;123;1
68;395;1
68;27;1
68;453;1
68;542;1
68;230;1
68;973;1
68;652;1
68;849;1
68;203;1
68;715;1
68;619;1
68;435;1
68;974;1
68;975;1
68;96;1
68;150;1
68;321;1
68;631;1
68;69;1
68;976;1
68;592;1
68;59;1
68;57;1
68;546;1
68;798;1
69;744;31
69;449;15
69;754;8
69;448;7
69;249;6
69;463;5
69;755;4
69;977;3
69;978;3
69;979;2
69;964;2
69;240;2
69;230;2
69;421;2
69;980;1
69;981;1
69;186;1
69;836;1
69;84;1
69;51;1
69;155;1
69;160;1
69;6;1
69;982;1
69;199;1
69;983;1
69;615;1
70;533;10
70;984;10
70;292;6
70;269;5
70;7;4
70;225;4
70;161;4
70;782;3
70;34;3
70;658;3
70;347;3
70;1;3
70;154;3
70;621;3
70;487;3
70;985;2
70;44;2
70;393;2
70;366;2
70;581;2
70;986;2
70;12;2
70;552;2
70;210;2
70;220;2
70;175;2
70;28;2
70;305;2
70;987;2
70;74;2
70;422;2
70;988;1
70;247;1
70;989;1
70;888;1
70;64;1
70;990;1
70;48;1
70;215;1
70;309;1
70;96;1
70;117;1
70;480;1
70;179;1
70;281;1
70;155;1
70;522;1
70;76;1
70;827;1
70;22;1
70;16;1
70;619;1
70;549;1
70;810;1
70;592;1
70;162;1
70;991;1
70;293;1
70;188;1
70;546;1
70;248;1
70;542;1
70;72;1
70;992;1
70;497;1
70;216;1
70;35;1
70;81;1
70;456;1
70;802;1
70;358;1
70;178;1
70;277;1
70;341;1
70;475;1
70;993;1
70;426;1
70;445;1
70;655;1
70;308;1
70;33;1
70;415;1
70;3;1
70;206;1
70;152;1
70;483;1
70;825;1
70;675;1
70;217;1
70;348;1
70;994;1
70;501;1
70;761;1
71;150;10
71;5;9
71;471;6
71;47;5
71;522;4
71;253;4
71;995;3
71;239;3
71;598;3
71;207;3
71;152;3
71;7;2
71;217;2
71;55;2
71;388;2
71;96;2
71;14;2
71;21;2
71;174;2
71;554;2
71;4;2
71;380;2
71;470;2
71;169;2
71;479;2
71;163;1
71;497;1
71;348;1
71;89;1
71;62;1
71;244;1
71;213;1
71;612;1
71;508;1
71;636;1
71;249;1
71;63;1
71;189;1
71;69;1
71;122;1
71;547;1
71;26;1
71;125;1
71;51;1
71;34;1
71;48;1
71;74;1
71;996;1
71;75;1
71;164;1
71;687;1
71;661;1
71;84;1
71;638;1
71;98;1
71;366;1
71;997;1
71;184;1
71;480;1
71;594;1
71;19;1
71;998;1
71;247;1
71;525;1
72;471;141
72;162;8
72;74;7
72;259;5
72;522;4
72;133;3
72;27;3
72;150;2
72;166;1
72;75;1
72;515;1
72;76;1
72;999;1
72;487;1
72;14;1
72;304;1
72;301;1
72;652;1
72;92;1
72;46;1
72;924;1
72;1000;1
72;248;1
72;117;1
72;234;1
72;598;1
72;26;1
72;377;1
72;366;1
73;72;62
73;292;51
73;269;27
73;305;23
73;192;13
73;193;7
73;215;5
73;174;4
73;210;4
73;84;3
73;300;2
73;179;2
73;701;2
73;230;1
73;199;1
73;533;1
73;115;1
73;7;1
73;188;1
73;625;1
73;36;1
73;1001;1
73;796;1
73;23;1
73;148;1
73;191;1
73;206;1
73;1002;1
73;229;1
74;75;52
74;162;23
74;74;14
74;285;13
74;163;10
74;46;7
74;471;7
74;29;6
74;96;5
74;6;4
74;192;4
74;150;3
74;997;3
74;48;2
74;196;2
74;250;2
74;165;2
74;135;2
74;388;2
74;206;1
74;288;1
74;297;1
74;497;1
74;262;1
74;235;1
74;10;1
74;675;1
74;470;1
74;775;1
74;30;1
74;145;1
74;247;1
74;199;1
74;174;1
74;61;1
74;58;1
74;95;1
74;745;1
74;475;1
74;533;1
74;263;1
74;1003;1
74;658;1
74;148;1
74;8;1
74;56;1
74;292;1
74;90;1
74;321;1
74;1004;1
74;78;1
74;785;1
74;84;1
74;690;1
74;445;1
74;1005;1
74;12;1
74;164;1
74;588;1
74;348;1
74;599;1
74;16;1
74;341;1
74;607;1
74;480;1
74;697;1
74;64;1
74;57;1
74;770;1
74;219;1
74;19;1
75;69;64
75;98;13
75;122;8
75;371;5
75;189;4
75;456;4
75;226;3
75;602;3
75;265;3
75;234;3
75;51;3
75;407;2
75;1006;2
75;1007;2
75;692;2
75;636;2
75;246;1
75;245;1
75;416;1
75;864;1
75;247;1
75;548;1
75;599;1
75;322;1
75;50;1
75;637;1
75;504;1
75;731;1
75;174;1
75;1008;1
75;699;1
75;147;1
75;380;1
75;21;1
75;118;1
75;582;1
75;542;1
75;26;1
75;646;1
75;366;1
76;150;8
76;34;7
76;1009;7
76;147;7
76;89;6
76;75;6
76;1010;5
76;269;4
76;507;4
76;268;3
76;115;3
76;7;3
76;90;3
76;206;3
76;22;3
76;6;2
76;210;2
76;621;2
76;30;2
76;192;2
76;1011;2
76;15;2
76;276;2
76;304;2
76;361;2
76;8;2
76;25;2
76;497;2
76;105;2
76;238;2
76;479;2
76;164;2
76;275;2
76;78;2
76;136;2
76;143;2
76;201;2
76;69;2
76;207;2
76;203;1
76;281;1
76;1012;1
76;510;1
76;480;1
76;155;1
76;100;1
76;176;1
76;607;1
76;283;1
76;737;1
76;770;1
76;255;1
76;219;1
76;28;1
76;478;1
76;1013;1
76;64;1
76;271;1
76;96;1
76;56;1
76;655;1
76;785;1
76;422;1
76;321;1
76;84;1
76;448;1
76;584;1
76;525;1
76;407;1
76;325;1
76;42;1
76;839;1
76;142;1
76;95;1
76;188;1
76;686;1
76;91;1
76;190;1
76;74;1
76;623;1
76;46;1
76;624;1
76;924;1
76;1;1
76;24;1
76;174;1
76;943;1
76;200;1
76;300;1
76;179;1
76;1014;1
76;308;1
76;302;1
76;1015;1
76;239;1
76;1016;1
76;134;1
76;764;1
76;941;1
76;900;1
76;868;1
76;293;1
76;314;1
76;191;1
76;796;1
76;48;1
76;243;1
76;533;1
76;341;1
76;563;1
76;595;1
76;661;1
76;309;1
76;359;1
76;29;1
76;619;1
76;346;1
76;41;1
76;509;1
76;1017;1
76;223;1
77;533;73
77;210;28
77;269;27
77;305;16
77;226;13
77;215;12
77;300;8
77;701;8
77;189;7
77;510;6
77;724;5
77;292;5
77;192;5
77;942;4
77;549;4
77;689;3
77;625;2
77;1018;1
77;246;1
77;480;1
77;769;1
77;785;1
77;1019;1
78;98;8
78;136;8
78;201;8
78;44;8
78;134;7
78;47;5
78;155;5
78;448;4
78;150;4
78;48;4
78;147;4
78;421;4
78;941;4
78;268;3
78;174;3
78;96;3
78;248;3
78;807;3
78;22;3
78;206;3
78;71;3
78;23;3
78;95;3
78;1020;3
78;636;3
78;366;2
78;202;2
78;190;2
78;684;2
78;51;2
78;179;2
78;195;2
78;213;2
78;628;2
78;162;2
78;4;2
78;197;2
78;94;2
78;12;2
78;17;2
78;1021;2
78;172;2
78;272;2
78;50;2
78;462;2
78;226;2
78;662;2
78;1022;2
78;1023;2
78;160;2
78;219;2
78;78;2
78;240;2
78;140;2
78;19;2
78;207;2
78;228;2
78;217;2
78;230;2
78;24;2
78;30;2
78;1002;2
78;335;2
78;125;2
78;1024;1
78;170;1
78;149;1
78;725;1
78;277;1
78;128;1
78;1025;1
78;117;1
78;275;1
78;76;1
78;336;1
78;1026;1
78;83;1
78;295;1
78;687;1
78;1027;1
78;643;1
78;838;1
78;652;1
78;592;1
78;16;1
78;196;1
78;90;1
78;501;1
78;987;1
78;58;1
78;245;1
78;1028;1
78;802;1
78;661;1
78;293;1
78;722;1
78;69;1
78;761;1
78;75;1
78;359;1
78;163;1
78;475;1
78;380;1
78;309;1
78;645;1
78;1029;1
78;5;1
78;1030;1
78;112;1
78;925;1
78;1031;1
78;33;1
78;1032;1
78;1033;1
78;723;1
78;276;1
78;37;1
78;283;1
78;234;1
78;451;1
78;299;1
78;624;1
78;876;1
78;89;1
78;1034;1
78;655;1
78;194;1
78;305;1
78;321;1
78;241;1
78;188;1
78;265;1
78;664;1
78;588;1
78;1035;1
78;187;1
78;61;1
78;27;1
78;10;1
78;670;1
78;584;1
78;285;1
78;360;1
78;1036;1
78;303;1
78;32;1
78;225;1
78;1037;1
78;161;1
78;143;1
78;623;1
78;486;1
78;68;1
78;180;1
78;122;1
78;185;1
78;31;1
78;1038;1
78;566;1
78;20;1
78;325;1
78;80;1
78;1039;1
78;1040;1
78;561;1
78;1041;1
78;231;1
79;744;56
79;449;13
79;748;12
79;755;10
79;1042;8
79;754;6
79;756;5
79;751;5
79;463;3
79;48;3
79;978;3
79;757;3
79;249;2
79;1043;2
79;1044;2
79;839;2
79;448;1
79;836;1
79;1045;1
79;983;1
79;1046;1
79;969;1
79;1047;1
79;966;1
79;967;1
79;1048;1
79;1049;1
79;1050;1
79;155;1
79;1051;1
79;979;1
79;980;1
80;716;21
80;17;7
80;271;6
80;96;5
80;230;4
80;213;3
80;533;3
80;140;3
80;217;3
80;928;3
80;203;3
80;501;3
80;453;3
80;125;3
80;1052;3
80;192;3
80;190;3
80;91;2
80;308;2
80;325;2
80;5;2
80;525;2
80;28;2
80;475;2
80;30;2
80;222;2
80;48;2
80;23;2
80;73;2
80;218;2
80;47;2
80;785;2
80;7;2
80;1053;1
80;797;1
80;1054;1
80;309;1
80;117;1
80;219;1
80;668;1
80;197;1
80;6;1
80;103;1
80;1055;1
80;95;1
80;58;1
80;930;1
80;1056;1
80;603;1
80;277;1
80;179;1
80;38;1
80;172;1
80;346;1
80;729;1
80;937;1
80;13;1
80;186;1
80;155;1
80;98;1
80;161;1
80;628;1
80;82;1
80;150;1
80;25;1
80;69;1
80;4;1
80;90;1
80;408;1
80;554;1
80;83;1
80;300;1
80;487;1
80;8;1
80;1057;1
80;84;1
80;490;1
80;674;1
80;791;1
80;34;1
80;183;1
80;201;1
80;19;1
80;31;1
80;78;1
80;160;1
80;276;1
80;1;1
80;1058;1
80;51;1
80;1059;1
80;240;1
80;549;1
81;5;23
81;98;11
81;25;5
81;234;5
81;27;5
81;4;5
81;21;4
81;13;4
81;189;4
81;533;3
81;96;3
81;117;3
81;405;3
81;46;3
81;1;3
81;380;3
81;69;2
81;23;2
81;118;2
81;371;2
81;268;2
81;233;2
81;75;2
81;219;2
81;253;2
81;74;1
81;1060;1
81;194;1
81;201;1
81;143;1
81;276;1
81;178;1
81;246;1
81;136;1
81;47;1
81;1061;1
81;48;1
81;272;1
81;247;1
81;553;1
81;112;1
81;271;1
81;299;1
81;63;1
81;125;1
81;535;1
81;35;1
81;179;1
81;594;1
81;583;1
81;50;1
81;588;1
81;33;1
81;58;1
81;78;1
81;199;1
81;228;1
81;128;1
81;731;1
81;236;1
81;587;1
81;368;1
81;119;1
81;1062;1
81;53;1
81;1063;1
81;356;1
81;68;1
81;51;1
81;624;1
81;636;1
82;303;9
82;4;6
82;461;6
82;50;5
82;368;4
82;26;4
82;415;3
82;5;3
82;395;3
82;295;3
82;380;2
82;234;2
82;406;2
82;630;2
82;94;2
82;688;1
82;27;1
82;393;1
82;14;1
82;233;1
82;268;1
82;21;1
82;125;1
82;554;1
82;122;1
82;636;1
82;253;1
82;693;1
82;1064;1
82;7;1
82;656;1
82;36;1
82;33;1
82;1065;1
82;150;1
82;654;1
82;615;1
82;587;1
82;664;1
82;775;1
82;542;1
82;400;1
82;816;1
82;29;1
82;825;1
82;74;1
82;84;1
82;98;1
83;449;7
83;249;4
83;744;3
83;615;2
83;1046;2
83;750;2
83;4;2
83;59;1
83;232;1
83;644;1
83;192;1
83;1058;1
83;783;1
83;1066;1
83;1067;1
83;230;1
83;448;1
83;965;1
83;1062;1
83;1068;1
83;1069;1
83;979;1
83;1070;1
84;414;19
84;41;17
84;133;5
84;50;5
84;39;5
84;624;4
84;96;3
84;371;3
84;158;2
84;716;2
84;75;2
84;103;2
84;781;2
84;120;2
84;145;2
84;910;1
84;794;1
84;7;1
84;695;1
84;162;1
84;416;1
84;407;1
84;234;1
84;395;1
84;150;1
84;206;1
84;405;1
84;27;1
84;40;1
84;712;1
84;1071;1
84;864;1
84;323;1
84;911;1
84;522;1
84;11;1
84;259;1
84;160;1
84;516;1
84;183;1
84;165;1
84;192;1
84;53;1
84;330;1
85;48;4
85;50;4
85;69;4
85;368;3
85;16;3
85;98;3
85;259;3
85;366;2
85;600;2
85;246;2
85;405;2
85;21;2
85;289;2
85;680;1
85;321;1
85;68;1
85;552;1
85;323;1
85;13;1
85;189;1
85;386;1
85;27;1
85;249;1
85;206;1
85;4;1
85;234;1
85;453;1
85;532;1
85;38;1
85;575;1
85;363;1
85;51;1
85;59;1
85;302;1
85;395;1
85;125;1
85;538;1
86;1;8
86;145;8
86;201;5
86;9;4
86;78;4
86;607;3
86;230;3
86;271;3
86;188;3
86;134;3
86;292;3
86;81;3
86;84;3
86;533;2
86;302;2
86;701;2
86;75;2
86;250;2
86;235;2
86;72;2
86;796;2
86;136;2
86;195;2
86;508;2
86;64;2
86;541;2
86;3;2
86;22;2
86;304;2
86;163;2
86;215;2
86;37;1
86;185;1
86;16;1
86;133;1
86;653;1
86;1072;1
86;269;1
86;1073;1
86;723;1
86;59;1
86;490;1
86;6;1
86;15;1
86;806;1
86;29;1
86;223;1
86;456;1
86;186;1
86;480;1
86;225;1
86;70;1
86;90;1
86;891;1
86;44;1
86;193;1
86;143;1
86;7;1
86;140;1
86;589;1
86;1074;1
86;190;1
86;8;1
86;96;1
86;478;1
86;802;1
86;206;1
86;1075;1
86;717;1
86;668;1
86;194;1
86;1076;1
86;941;1
86;770;1
86;2;1
86;76;1
86;621;1
86;95;1
86;150;1
86;34;1
86;604;1
86;1077;1
86;79;1
86;1078;1
86;10;1
86;196;1
86;20;1
86;94;1
86;213;1
86;17;1
86;421;1
86;240;1
86;1079;1
86;46;1
86;371;1
86;827;1
86;293;1
86;105;1
86;207;1
86;1080;1
86;686;1
87;28;42
87;18;40
87;67;26
87;337;16
87;76;15
87;347;11
87;346;9
87;341;8
87;361;8
87;619;4
87;254;3
87;24;3
87;345;3
87;29;3
87;595;3
87;336;3
87;827;2
87;56;2
87;277;2
87;826;2
87;1081;2
87;862;2
87;351;2
87;354;2
87;133;1
87;72;1
87;42;1
87;1082;1
87;1083;1
87;77;1
87;339;1
87;1084;1
87;809;1
87;1085;1
87;959;1
87;363;1
87;106;1
87;542;1
87;653;1
87;1086;1
87;1087;1
88;28;53
88;18;35
88;341;18
88;76;15
88;29;11
88;1082;7
88;67;7
88;361;5
88;352;5
88;345;5
88;340;5
88;336;4
88;62;4
88;359;4
88;56;3
88;827;3
88;947;3
88;619;3
88;129;3
88;42;2
88;1087;2
88;354;2
88;337;2
88;24;2
88;347;2
88;133;2
88;1088;1
88;595;1
88;1081;1
88;618;1
88;198;1
88;1078;1
88;601;1
88;593;1
88;106;1
88;346;1
88;339;1
88;353;1
88;159;1
88;1089;1
88;251;1
88;809;1
88;277;1
88;699;1
88;11;1
89;155;6
89;44;5
89;281;4
89;51;4
89;4;4
89;50;4
89;553;3
89;450;3
89;28;2
89;668;2
89;7;2
89;96;2
89;203;2
89;240;2
89;1090;2
89;21;2
89;234;2
89;259;2
89;598;2
89;246;2
89;335;2
89;128;2
89;1091;2
89;371;2
89;125;2
89;723;1
89;145;1
89;143;1
89;824;1
89;1092;1
89;705;1
89;323;1
89;191;1
89;421;1
89;1093;1
89;13;1
89;11;1
89;29;1
89;471;1
89;140;1
89;65;1
89;1094;1
89;164;1
89;546;1
89;987;1
89;255;1
89;1095;1
89;638;1
89;1096;1
89;711;1
89;1097;1
89;1098;1
89;35;1
89;172;1
89;456;1
89;921;1
89;17;1
89;150;1
89;840;1
89;909;1
89;296;1
89;589;1
89;1099;1
89;25;1
89;103;1
89;957;1
89;84;1
89;176;1
89;787;1
89;48;1
89;702;1
89;237;1
89;98;1
89;302;1
89;317;1
89;14;1
89;400;1
89;897;1
89;120;1
89;1071;1
89;322;1
89;248;1
89;363;1
89;453;1
89;541;1
89;366;1
89;474;1
89;448;1
89;247;1
90;716;50
90;7;26
90;98;10
90;150;6
90;75;4
90;238;3
90;727;2
90;172;1
90;84;1
90;163;1
90;689;1
90;28;1
90;37;1
90;174;1
90;77;1
90;187;1
90;905;1
90;932;1
90;179;1
90;275;1
90;118;1
90;13;1
90;34;1
90;136;1
90;89;1
91;965;32
91;1100;17
91;753;13
91;757;5
91;1101;5
91;967;4
91;1102;3
91;1103;1
91;1104;1
91;1047;1
91;1105;1
91;750;1
91;1106;1
91;966;1
91;983;1
91;1066;1
91;756;1
92;39;38
92;41;6
92;13;4
92;4;4
92;40;4
92;475;4
92;48;4
92;522;3
92;105;3
92;193;3
92;7;2
92;53;2
92;11;2
92;78;2
92;8;2
92;371;2
92;407;2
92;533;2
92;16;2
92;675;2
92;210;2
92;525;2
92;27;1
92;249;1
92;5;1
92;236;1
92;134;1
92;538;1
92;172;1
92;1107;1
92;87;1
92;84;1
92;95;1
92;161;1
92;29;1
92;585;1
92;711;1
92;154;1
92;1108;1
92;466;1
92;59;1
92;1106;1
92;174;1
92;178;1
92;155;1
92;318;1
92;269;1
92;2;1
92;191;1
92;664;1
92;451;1
92;103;1
92;67;1
92;785;1
92;1109;1
92;96;1
92;195;1
92;69;1
92;276;1
92;816;1
92;165;1
92;414;1
92;150;1
92;157;1
92;672;1
92;23;1
92;184;1
92;226;1
92;194;1
92;24;1
92;52;1
92;117;1
92;247;1
92;405;1
92;1078;1
92;201;1
92;25;1
92;726;1
92;72;1
92;130;1
92;923;1
93;1110;69
93;177;27
93;74;23
93;132;23
93;75;13
93;150;12
93;19;5
93;621;3
93;95;3
93;152;2
93;217;2
93;304;1
93;221;1
93;96;1
93;497;1
94;2;8
94;78;7
94;9;7
94;72;5
94;308;5
94;147;5
94;84;4
94;135;3
94;703;3
94;824;3
94;42;3
94;10;3
94;8;3
94;30;3
94;206;3
94;674;3
94;172;3
94;32;3
94;162;3
94;527;3
94;133;3
94;787;3
94;193;2
94;1;2
94;350;2
94;76;2
94;31;2
94;248;2
94;44;2
94;75;2
94;96;2
94;293;2
94;793;2
94;3;2
94;61;2
94;18;2
94;453;2
94;228;2
94;269;2
94;152;2
94;675;2
94;7;2
94;533;2
94;422;2
94;584;2
94;486;2
94;174;2
94;195;1
94;33;1
94;139;1
94;207;1
94;796;1
94;459;1
94;256;1
94;278;1
94;71;1
94;616;1
94;304;1
94;163;1
94;456;1
94;196;1
94;38;1
94;1111;1
94;1019;1
94;929;1
94;201;1
94;273;1
94;287;1
94;597;1
94;945;1
94;230;1
94;150;1
94;910;1
94;305;1
94;1112;1
94;235;1
94;589;1
94;244;1
94;475;1
94;164;1
94;34;1
94;630;1
94;24;1
94;498;1
94;240;1
94;522;1
94;593;1
94;192;1
94;73;1
94;57;1
94;683;1
94;17;1
94;210;1
94;92;1
94;205;1
94;179;1
94;148;1
94;1113;1
94;621;1
94;250;1
94;782;1
94;1114;1
94;549;1
94;299;1
94;29;1
94;43;1
94;312;1
94;211;1
94;175;1
94;1097;1
94;363;1
94;1115;1
94;426;1
94;423;1
94;190;1
94;70;1
94;103;1
94;595;1
94;74;1
94;679;1
94;292;1
94;346;1
94;106;1
94;1116;1
94;947;1
94;371;1
94;243;1
94;285;1
94;652;1
94;202;1
94;134;1
94;136;1
94;474;1
95;268;32
95;1034;15
95;366;13
95;371;13
95;176;13
95;175;12
95;539;8
95;819;8
95;408;6
95;455;4
95;517;4
95;465;3
95;876;3
95;838;3
95;543;2
95;1117;2
95;1118;2
95;808;2
95;542;2
95;614;2
95;1119;2
95;360;2
95;84;2
95;725;2
95;1120;2
95;927;2
95;599;2
95;721;1
95;188;1
95;1121;1
95;672;1
95;1122;1
95;1123;1
95;1124;1
95;1125;1
95;196;1
95;1032;1
95;1126;1
95;877;1
95;1127;1
95;1128;1
95;148;1
96;5;19
96;96;11
96;377;6
96;7;5
96;388;5
96;51;5
96;247;5
96;366;3
96;234;3
96;69;3
96;150;3
96;66;3
96;13;2
96;16;2
96;603;2
96;671;2
96;48;2
96;14;2
96;730;2
96;223;2
96;184;1
96;21;1
96;629;1
96;265;1
96;303;1
96;206;1
96;112;1
96;1129;1
96;497;1
96;155;1
96;75;1
96;920;1
96;34;1
96;67;1
96;681;1
96;145;1
96;502;1
96;371;1
96;1130;1
96;216;1
96;1131;1
96;136;1
96;271;1
96;248;1
96;509;1
96;323;1
96;272;1
96;23;1
96;176;1
96;1060;1
96;74;1
96;291;1
96;142;1
96;380;1
96;98;1
96;115;1
96;163;1
96;195;1
96;683;1
96;240;1
96;1132;1
96;4;1
96;501;1
96;774;1
96;221;1
96;35;1
96;313;1
96;1133;1
96;231;1
96;687;1
96;68;1
96;47;1
96;101;1
96;194;1
96;724;1
96;269;1
96;246;1
96;547;1
96;1134;1
96;201;1
96;495;1
96;179;1
97;645;15
97;651;10
97;638;4
97;642;4
97;742;3
97;248;3
97;1135;3
97;44;3
97;453;3
97;327;3
97;652;2
97;810;2
97;321;2
97;1136;2
97;986;2
97;985;2
97;917;2
97;283;1
97;75;1
97;27;1
97;244;1
97;640;1
97;643;1
97;561;1
97;252;1
97;541;1
97;323;1
97;1137;1
97;1138;1
97;1139;1
97;646;1
97;260;1
97;117;1
97;247;1
97;115;1
97;1098;1
97;450;1
97;801;1
97;206;1
97;320;1
97;407;1
97;1140;1
97;1141;1
97;1142;1
97;759;1
97;915;1
97;761;1
99;210;20
99;388;17
99;14;10
99;4;9
99;69;8
99;13;6
99;265;5
99;234;4
99;449;4
99;995;4
99;1110;2
99;285;2
99;485;2
99;405;2
99;206;2
99;59;2
99;1143;1
99;72;1
99;226;1
99;48;1
99;448;1
99;363;1
99;98;1
99;66;1
99;223;1
99;870;1
99;1144;1
99;147;1
99;495;1
99;136;1
99;135;1
99;3;1
99;553;1
99;174;1
99;21;1
99;247;1
99;50;1
99;5;1
99;249;1
99;308;1
100;155;13
100;96;7
100;711;5
100;423;5
100;654;4
100;776;4
100;467;3
100;283;3
100;206;3
100;902;3
100;71;3
100;293;3
100;371;3
100;450;2
100;88;2
100;91;2
100;115;2
100;240;2
100;588;2
100;150;2
100;238;2
100;78;2
100;1145;2
100;295;2
100;652;2
100;836;2
100;942;2
100;1146;2
100;92;2
100;904;2
100;1147;2
100;186;2
100;224;2
100;67;2
100;969;2
100;839;2
100;194;1
100;1148;1
100;620;1
100;136;1
100;658;1
100;456;1
100;268;1
100;968;1
100;1149;1
100;792;1
100;117;1
100;445;1
100;160;1
100;1150;1
100;170;1
100;1151;1
100;230;1
100;31;1
100;1152;1
100;1153;1
100;145;1
100;228;1
100;686;1
100;280;1
100;75;1
100;229;1
100;302;1
100;219;1
100;200;1
100;1154;1
100;81;1
100;1155;1
100;251;1
100;653;1
100;1156;1
100;528;1
100;719;1
100;190;1
100;308;1
100;29;1
100;33;1
100;59;1
100;882;1
100;318;1
100;279;1
100;341;1
100;340;1
100;713;1
100;643;1
100;808;1
100;715;1
100;1157;1
100;983;1
100;816;1
100;1158;1
100;1067;1
100;211;1
100;17;1
100;656;1
100;448;1
100;366;1
100;672;1
100;675;1
100;6;1
100;163;1
100;164;1
100;1159;1
100;429;1
100;508;1
100;196;1
100;761;1
100;1160;1
100;1161;1
100;55;1
100;925;1
100;1162;1
100;539;1
100;426;1
100;281;1
100;214;1
100;411;1
100;622;1
100;670;1
100;955;1
100;1163;1
100;305;1
100;94;1
100;775;1
100;1016;1
100;561;1
100;1164;1
100;105;1
100;1051;1
100;34;1
100;1165;1
100;755;1
100;232;1
100;483;1
100;894;1
101;84;8
101;179;7
101;155;6
101;194;5
101;305;5
101;5;4
101;341;4
101;716;4
101;96;4
101;75;4
101;211;4
101;723;3
101;58;3
101;456;3
101;219;3
101;64;3
101;18;3
101;292;3
101;561;2
101;354;2
101;620;2
101;8;2
101;175;2
101;30;2
101;67;2
101;601;2
101;296;2
101;117;2
101;29;2
101;336;2
101;20;2
101;366;2
101;42;2
101;136;2
101;663;2
101;4;2
101;671;2
101;73;2
101;147;2
101;615;2
101;230;1
101;10;1
101;1166;1
101;7;1
101;172;1
101;23;1
101;635;1
101;16;1
101;462;1
101;517;1
101;533;1
101;119;1
101;126;1
101;607;1
101;987;1
101;337;1
101;89;1
101;271;1
101;201;1
101;1146;1
101;190;1
101;547;1
101;498;1
101;468;1
101;174;1
101;1167;1
101;38;1
101;881;1
101;1077;1
101;206;1
101;189;1
101;199;1
101;37;1
101;74;1
101;835;1
101;785;1
101;283;1
101;150;1
101;47;1
101;281;1
101;44;1
101;1168;1
101;672;1
101;361;1
101;106;1
101;1169;1
101;1088;1
101;321;1
101;76;1
101;134;1
101;591;1
101;187;1
101;584;1
102;27;30
102;621;22
102;13;19
102;5;14
102;75;13
102;253;8
102;8;7
102;31;5
102;125;5
102;2;5
102;162;5
102;46;4
102;250;4
102;81;3
102;155;3
102;1;3
102;69;3
102;26;3
102;4;2
102;96;2
102;50;2
102;30;2
102;9;2
102;595;2
102;78;2
102;321;2
102;21;2
102;479;1
102;533;1
102;139;1
102;1012;1
102;95;1
102;259;1
102;3;1
102;59;1
102;10;1
102;451;1
102;189;1
102;192;1
102;599;1
102;437;1
102;68;1
102;313;1
102;194;1
102;1007;1
102;16;1
102;17;1
102;415;1
102;122;1
102;98;1
102;115;1
102;201;1
103;13;29
103;4;12
103;884;11
103;21;8
103;631;5
103;50;4
103;184;3
103;69;3
103;236;3
103;122;2
103;318;2
103;732;2
103;268;1
103;98;1
103;547;1
103;247;1
103;125;1
103;62;1
103;14;1
103;450;1
103;897;1
103;155;1
103;117;1
103;598;1
103;419;1
103;407;1
103;388;1
104;189;19
104;16;14
104;249;8
104;192;7
104;96;6
104;471;5
104;864;4
104;74;3
104;69;2
104;27;2
104;522;2
104;247;2
104;456;2
104;246;2
104;72;1
104;104;1
104;319;1
104;253;1
104;884;1
104;259;1
104;206;1
104;46;1
104;75;1
104;57;1
104;225;1
104;292;1
104;317;1
104;48;1
104;159;1
104;601;1
104;407;1
104;166;1
105;249;21
105;449;20
105;744;9
105;851;9
105;450;7
105;839;7
105;368;5
105;186;4
105;232;4
105;1170;2
105;615;2
105;59;2
105;268;1
105;835;1
105;847;1
105;407;1
105;1171;1
105;785;1
105;290;1
105;463;1
105;731;1
105;1172;1
105;755;1
106;28;105
106;106;19
106;18;18
106;619;17
106;29;16
106;119;12
106;359;9
106;1087;8
106;861;4
106;345;4
106;243;3
106;1173;1
106;346;1
107;517;21
107;5;5
107;98;4
107;234;4
107;21;3
107;407;3
107;1174;2
107;1175;1
107;335;1
107;380;1
107;226;1
107;189;1
107;75;1
107;7;1
107;549;1
107;293;1
107;345;1
107;14;1
107;253;1
107;13;1
107;215;1
107;297;1
107;249;1
107;554;1
107;53;1
107;69;1
107;1176;1
107;51;1
107;247;1
107;48;1
107;1177;1
107;563;1
107;125;1
