2;1;16
2;2;9
2;3;8
2;4;8
2;5;8
2;6;6
2;7;6
2;8;6
2;9;6
2;10;5
2;11;5
2;12;5
2;13;4
2;14;4
2;15;4
2;16;4
2;17;4
2;18;4
2;19;3
2;20;3
2;21;3
2;22;3
2;23;2
2;24;2
2;25;2
2;26;2
2;27;2
2;28;2
2;29;2
2;30;2
2;31;2
2;32;2
2;33;2
2;34;2
2;35;2
2;36;2
2;37;2
2;38;2
2;39;2
2;40;2
2;41;2
2;42;2
2;43;2
2;44;1
2;45;1
2;46;1
2;47;1
2;48;1
2;49;1
2;50;1
2;51;1
2;52;1
2;53;1
2;54;1
2;55;1
2;56;1
2;57;1
2;58;1
2;59;1
2;60;1
2;61;1
2;62;1
2;63;1
2;64;1
2;65;1
2;66;1
2;67;1
2;68;1
2;69;1
2;70;1
2;71;1
2;72;1
2;73;1
2;74;1
2;75;1
2;76;1
2;77;1
2;78;1
2;79;1
2;80;1
2;81;1
2;82;1
2;83;1
2;84;1
2;85;1
2;86;1
2;87;1
2;88;1
2;89;1
2;90;1
2;91;1
2;92;1
2;93;1
2;94;1
2;95;1
2;96;1
2;97;1
2;98;1
2;99;1
2;100;1
2;101;1
2;102;1
2;103;1
2;104;1
2;105;1
2;106;1
2;107;1
3;108;49
3;109;48
3;110;24
3;62;20
3;111;19
3;112;8
3;113;6
3;114;4
3;115;3
3;116;3
3;117;2
3;118;2
3;4;2
3;119;2
3;120;2
3;121;2
3;122;2
3;123;1
3;124;1
3;106;1
3;125;1
3;126;1
3;21;1
3;127;1
3;5;1
3;28;1
3;128;1
3;129;1
4;41;49
4;130;22
4;131;14
4;132;10
4;133;8
4;134;7
4;135;7
4;136;6
4;137;5
4;138;4
4;139;4
4;140;3
4;96;3
4;141;3
4;142;3
4;143;3
4;76;3
4;144;2
4;145;2
4;146;2
4;147;2
4;148;2
4;149;2
4;150;2
4;151;2
4;152;2
4;153;2
4;24;2
4;154;2
4;155;1
4;156;1
4;157;1
4;158;1
4;89;1
4;159;1
4;160;1
4;161;1
4;162;1
4;163;1
4;19;1
4;164;1
4;165;1
4;166;1
4;167;1
4;102;1
4;168;1
4;65;1
4;74;1
4;169;1
5;148;98
5;170;32
5;136;9
5;141;8
5;30;7
5;171;6
5;172;4
5;173;3
5;150;3
5;147;3
5;24;2
5;8;2
5;174;2
5;96;2
5;10;2
5;175;2
5;69;1
5;176;1
5;177;1
5;178;1
5;93;1
5;63;1
5;163;1
5;179;1
5;180;1
5;5;1
5;181;1
5;182;1
5;183;1
5;58;1
5;184;1
5;185;1
5;1;1
5;186;1
6;187;11
6;10;11
6;179;9
6;188;8
6;174;8
6;7;7
6;189;6
6;64;5
6;190;5
6;35;5
6;69;5
6;191;5
6;150;4
6;61;4
6;192;4
6;193;4
6;194;3
6;195;3
6;155;3
6;196;3
6;197;3
6;163;3
6;172;3
6;84;3
6;198;3
6;8;3
6;4;2
6;199;2
6;96;2
6;200;2
6;1;2
6;201;2
6;202;2
6;203;2
6;204;2
6;205;2
6;206;2
6;207;2
6;12;2
6;208;1
6;48;1
6;209;1
6;13;1
6;37;1
6;81;1
6;20;1
6;210;1
6;211;1
6;212;1
6;33;1
6;22;1
6;213;1
6;3;1
6;214;1
6;215;1
6;216;1
6;217;1
6;218;1
6;219;1
6;220;1
6;221;1
6;222;1
6;100;1
6;134;1
6;223;1
6;75;1
6;72;1
6;91;1
6;224;1
6;148;1
6;225;1
6;16;1
6;226;1
6;227;1
6;38;1
6;161;1
6;228;1
6;229;1
6;230;1
6;231;1
6;92;1
6;232;1
6;98;1
6;233;1
6;234;1
6;235;1
6;236;1
6;53;1
6;14;1
6;237;1
6;5;1
6;82;1
6;238;1
6;239;1
6;186;1
6;240;1
6;141;1
6;241;1
6;242;1
6;30;1
6;243;1
7;16;5
7;75;5
7;46;4
7;189;4
7;28;3
7;162;3
7;69;3
7;14;3
7;4;3
7;27;3
7;21;3
7;118;3
7;122;3
7;244;3
7;234;2
7;245;2
7;246;2
7;13;2
7;109;2
7;51;2
7;247;2
7;18;2
7;248;2
7;249;2
7;250;2
7;76;2
7;106;2
7;251;2
7;29;2
7;22;2
7;1;1
7;252;1
7;253;1
7;199;1
7;98;1
7;254;1
7;255;1
7;100;1
7;19;1
7;12;1
7;243;1
7;256;1
7;257;1
7;258;1
7;56;1
7;259;1
7;125;1
7;50;1
7;25;1
7;260;1
7;174;1
7;261;1
7;262;1
7;263;1
7;264;1
7;265;1
7;266;1
7;267;1
7;268;1
7;269;1
7;270;1
7;271;1
7;68;1
7;272;1
7;273;1
7;274;1
7;275;1
7;105;1
7;276;1
7;277;1
7;130;1
7;278;1
7;279;1
7;229;1
7;280;1
7;36;1
7;35;1
7;223;1
7;281;1
7;173;1
7;33;1
7;282;1
7;283;1
7;284;1
8;210;47
8;285;27
8;286;8
8;287;8
8;288;7
8;289;5
8;290;3
8;8;3
8;84;3
8;291;2
8;292;2
8;293;2
8;294;2
8;228;2
8;192;2
8;295;2
8;75;2
8;296;2
8;297;2
8;19;2
8;186;2
8;230;2
8;240;2
8;199;2
8;298;2
8;299;2
8;10;1
8;300;1
8;174;1
8;46;1
8;155;1
8;301;1
8;302;1
8;303;1
8;304;1
8;3;1
8;305;1
8;246;1
8;306;1
8;307;1
8;47;1
8;308;1
8;136;1
8;213;1
8;172;1
8;309;1
8;4;1
8;13;1
8;61;1
8;159;1
8;310;1
8;278;1
8;311;1
8;36;1
8;58;1
8;269;1
8;312;1
8;72;1
8;313;1
9;314;33
9;206;13
9;315;11
9;316;11
9;317;9
9;283;8
9;318;5
9;319;4
9;320;4
9;247;3
9;51;3
9;321;3
9;322;2
9;323;2
9;324;2
9;325;2
9;50;2
9;326;2
9;327;1
9;328;1
9;27;1
9;68;1
9;329;1
9;330;1
9;234;1
9;331;1
9;122;1
9;249;1
9;21;1
9;332;1
9;333;1
9;334;1
9;335;1
9;336;1
9;240;1
9;186;1
9;337;1
9;35;1
9;338;1
9;339;1
9;52;1
9;340;1
9;260;1
9;117;1
10;28;25
10;76;18
10;112;16
10;118;13
10;18;12
10;29;9
10;67;9
10;24;6
10;109;6
10;341;5
10;342;5
10;42;5
10;108;4
10;343;4
10;344;3
10;251;3
10;345;3
10;346;3
10;347;3
10;348;3
10;119;3
10;349;3
10;123;2
10;350;2
10;351;2
10;352;2
10;11;2
10;353;2
10;125;2
10;354;2
10;355;1
10;356;1
10;357;1
10;358;1
10;359;1
10;194;1
10;129;1
10;360;1
10;361;1
10;362;1
10;363;1
10;364;1
10;365;1
10;366;1
11;4;29
11;125;27
11;21;11
11;367;11
11;13;9
11;122;7
11;69;6
11;27;5
11;14;5
11;111;5
11;51;5
11;368;5
11;48;4
11;298;4
11;26;4
11;369;4
11;271;3
11;370;3
11;371;3
11;25;3
11;372;3
11;373;3
11;305;3
11;374;2
11;268;2
11;5;2
11;175;2
11;375;2
11;376;2
11;68;2
11;50;2
11;377;1
11;378;1
11;94;1
11;110;1
11;309;1
11;379;1
11;291;1
11;380;1
11;272;1
11;98;1
11;381;1
11;382;1
11;383;1
11;384;1
11;385;1
11;386;1
11;387;1
11;388;1
11;389;1
11;259;1
11;390;1
11;114;1
11;135;1
11;253;1
11;391;1
11;392;1
11;393;1
11;394;1
11;395;1
11;396;1
11;28;1
11;226;1
11;326;1
11;234;1
11;397;1
11;398;1
11;249;1
11;399;1
11;39;1
11;400;1
11;401;1
11;112;1
11;402;1
11;403;1
11;404;1
11;62;1
11;405;1
11;406;1
11;407;1
11;408;1
11;184;1
11;409;1
11;59;1
11;194;1
11;301;1
12;125;11
12;373;11
12;69;6
12;410;5
12;50;5
12;155;4
12;230;4
12;16;4
12;27;4
12;59;3
12;240;3
12;5;3
12;4;3
12;411;3
12;412;3
12;226;3
12;301;3
12;237;2
12;51;2
12;48;1
12;163;1
12;413;1
12;414;1
12;368;1
12;272;1
12;306;1
12;346;1
12;112;1
12;232;1
12;14;1
12;415;1
12;416;1
12;417;1
12;249;1
12;307;1
12;186;1
12;189;1
12;11;1
12;418;1
12;419;1
12;253;1
12;420;1
12;305;1
12;421;1
12;260;1
12;422;1
12;326;1
12;423;1
12;424;1
12;425;1
12;426;1
12;376;1
12;17;1
12;195;1
13;427;91
13;428;16
13;429;14
13;430;12
13;431;5
13;432;5
13;433;5
13;434;4
13;435;4
13;436;4
13;437;3
13;438;3
13;439;2
13;440;2
13;441;2
13;442;2
13;443;2
13;444;2
13;445;2
13;446;1
13;447;1
13;448;1
13;449;1
13;450;1
13;451;1
13;452;1
14;249;35
14;453;3
14;454;2
14;455;1
15;125;44
15;155;7
15;4;6
15;50;6
15;410;5
15;26;4
15;268;4
15;373;3
15;249;3
15;25;2
15;189;2
15;456;2
15;457;1
15;14;1
15;458;1
15;27;1
15;400;1
15;57;1
15;13;1
15;68;1
15;459;1
15;376;1
15;305;1
15;186;1
15;460;1
15;461;1
15;112;1
15;462;1
15;21;1
15;463;1
15;98;1
15;283;1
15;464;1
15;465;1
15;96;1
15;466;1
15;467;1
15;454;1
15;468;1
15;469;1
15;470;1
15;5;1
15;51;1
15;118;1
15;471;1
15;472;1
15;159;1
15;310;1
15;473;1
15;474;1
16;27;20
16;259;15
16;162;15
16;16;14
16;29;10
16;475;7
16;74;7
16;159;6
16;46;5
16;476;3
16;235;3
16;133;3
16;151;3
16;477;3
16;75;3
16;306;3
16;455;3
16;478;2
16;139;2
16;166;2
16;419;2
16;76;2
16;98;2
16;479;2
16;253;2
16;58;2
16;480;1
16;192;1
16;51;1
16;481;1
16;321;1
16;47;1
16;250;1
16;482;1
16;483;1
16;217;1
16;72;1
16;79;1
16;183;1
16;484;1
16;193;1
16;485;1
16;204;1
16;226;1
16;486;1
16;189;1
16;220;1
16;487;1
16;488;1
16;489;1
16;490;1
16;200;1
17;179;61
17;201;23
17;491;11
17;492;11
17;163;9
17;217;8
17;147;7
17;172;5
17;165;4
17;493;4
17;30;4
17;191;4
17;494;3
17;136;3
17;495;2
17;496;2
17;174;2
17;183;2
17;497;2
17;1;2
17;77;2
17;34;2
17;498;2
17;499;1
17;500;1
17;501;1
17;211;1
17;194;1
17;502;1
17;503;1
17;504;1
17;505;1
17;31;1
17;263;1
17;506;1
17;507;1
17;88;1
17;508;1
17;269;1
17;273;1
17;509;1
17;159;1
17;310;1
17;24;1
17;393;1
17;216;1
17;223;1
17;480;1
17;510;1
17;511;1
17;154;1
17;512;1
17;513;1
17;210;1
17;514;1
17;515;1
17;516;1
17;517;1
17;518;1
17;231;1
17;519;1
17;520;1
17;199;1
17;140;1
17;171;1
17;221;1
17;521;1
17;522;1
17;523;1
17;74;1
17;2;1
17;297;1
17;164;1
17;8;1
17;524;1
17;84;1
17;525;1
17;115;1
17;526;1
18;39;56
18;41;17
18;527;13
18;528;5
18;11;5
18;529;4
18;53;3
18;530;2
18;531;2
18;48;1
18;532;1
18;336;1
18;533;1
18;120;1
18;339;1
18;534;1
18;535;1
19;5;17
19;4;12
19;21;11
19;69;11
19;51;9
19;272;9
19;50;8
19;98;7
19;410;6
19;125;6
19;122;6
19;25;5
19;27;5
19;196;5
19;26;5
19;305;5
19;13;5
19;14;4
19;155;4
19;44;4
19;248;4
19;295;3
19;247;3
19;385;3
19;62;3
19;249;3
19;476;3
19;536;3
19;537;2
19;372;2
19;376;2
19;538;2
19;237;2
19;268;2
19;539;2
19;52;2
19;540;2
19;494;2
19;541;2
19;135;2
19;320;2
19;405;2
19;68;2
19;7;1
19;542;1
19;543;1
19;193;1
19;544;1
19;545;1
19;546;1
19;547;1
19;324;1
19;175;1
19;243;1
19;260;1
19;259;1
19;115;1
19;334;1
19;548;1
19;371;1
19;330;1
19;549;1
19;262;1
19;456;1
19;531;1
19;550;1
19;551;1
19;253;1
19;16;1
19;523;1
19;413;1
19;552;1
19;553;1
19;183;1
19;554;1
19;555;1
19;283;1
19;556;1
19;323;1
19;325;1
19;346;1
19;184;1
19;473;1
19;307;1
19;117;1
19;408;1
19;61;1
19;292;1
19;210;1
19;557;1
19;67;1
19;558;1
19;559;1
19;560;1
19;33;1
19;180;1
19;224;1
20;561;27
20;122;21
20;541;16
20;562;16
20;69;13
20;48;13
20;21;11
20;536;7
20;98;6
20;272;6
20;400;6
20;189;5
20;563;3
20;564;3
20;371;3
20;565;3
20;307;2
20;459;2
20;226;2
20;50;2
20;566;2
20;538;2
20;461;2
20;567;1
20;568;1
20;569;1
20;570;1
20;571;1
20;155;1
20;45;1
20;572;1
20;373;1
20;246;1
20;26;1
20;560;1
20;434;1
20;284;1
20;14;1
20;573;1
20;376;1
20;450;1
20;574;1
20;418;1
20;13;1
20;458;1
20;324;1
20;575;1
20;576;1
20;577;1
20;578;1
20;579;1
20;580;1
20;543;1
20;581;1
20;548;1
20;582;1
20;583;1
20;584;1
20;585;1
20;586;1
20;305;1
20;232;1
20;514;1
20;385;1
20;587;1
20;588;1
20;44;1
20;243;1
21;59;40
21;155;21
21;301;2
21;240;2
21;552;2
21;323;1
21;230;1
21;186;1
21;589;1
21;71;1
21;189;1
21;30;1
21;167;1
21;590;1
21;133;1
21;152;1
21;76;1
21;204;1
21;591;1
21;592;1
21;225;1
21;297;1
21;593;1
21;594;1
21;75;1
21;246;1
21;165;1
22;8;28
22;10;15
22;30;10
22;2;9
22;3;8
22;1;8
22;595;4
22;9;4
22;20;3
22;73;2
22;188;2
22;22;2
22;84;2
22;596;2
22;33;2
22;196;2
22;32;2
22;597;2
22;78;2
22;598;1
22;147;1
22;193;1
22;72;1
22;502;1
22;155;1
22;94;1
22;599;1
22;208;1
22;600;1
22;538;1
22;191;1
22;172;1
22;268;1
22;601;1
22;235;1
22;230;1
22;79;1
22;219;1
22;24;1
22;602;1
22;61;1
22;320;1
22;81;1
22;150;1
22;37;1
22;603;1
22;604;1
23;14;29
23;13;14
23;21;11
23;189;7
23;50;6
23;398;5
23;557;5
23;206;4
23;26;4
23;323;4
23;272;3
23;117;3
23;155;3
23;230;3
23;385;2
23;4;2
23;321;2
23;125;2
23;538;2
23;245;2
23;605;2
23;225;2
23;98;2
23;62;2
23;606;1
23;607;1
23;608;1
23;36;1
23;228;1
23;291;1
23;264;1
23;609;1
23;466;1
23;17;1
23;5;1
23;610;1
23;611;1
23;612;1
23;172;1
23;243;1
23;613;1
23;614;1
23;615;1
23;522;1
23;70;1
23;353;1
23;158;1
23;457;1
23;8;1
23;247;1
23;363;1
24;96;10
24;616;8
24;89;5
24;72;5
24;617;5
24;618;3
24;150;3
24;619;3
24;193;3
24;78;3
24;75;2
24;620;2
24;95;2
24;306;2
24;162;2
24;1;2
24;35;2
24;24;2
24;3;2
24;74;2
24;230;2
24;283;2
24;225;2
24;393;2
24;66;2
24;368;2
24;621;1
24;25;1
24;22;1
24;622;1
24;158;1
24;236;1
24;623;1
24;321;1
24;299;1
24;240;1
24;320;1
24;59;1
24;624;1
24;625;1
24;28;1
24;475;1
24;30;1
24;626;1
24;159;1
24;310;1
24;599;1
24;607;1
24;243;1
24;32;1
24;595;1
24;67;1
24;92;1
24;341;1
24;627;1
24;159;1
24;17;1
24;628;1
24;190;1
24;81;1
24;629;1
24;630;1
24;609;1
24;631;1
24;295;1
24;371;1
24;269;1
24;294;1
24;172;1
24;274;1
24;592;1
24;568;1
24;632;1
24;19;1
24;166;1
24;501;1
24;215;1
24;633;1
24;7;1
24;239;1
24;634;1
24;182;1
24;285;1
24;70;1
24;174;1
24;635;1
25;400;25
25;246;11
25;48;9
25;636;8
25;637;7
25;189;6
25;416;3
25;69;3
25;638;3
25;179;2
25;385;2
25;125;2
25;122;2
25;98;2
25;639;1
25;221;1
25;640;1
25;641;1
25;247;1
25;51;1
25;642;1
25;174;1
25;34;1
25;230;1
25;373;1
25;371;1
25;7;1
25;461;1
25;307;1
25;201;1
25;643;1
26;318;12
26;317;10
26;537;6
26;532;6
26;128;5
26;644;3
26;334;3
26;287;3
26;645;3
26;332;3
26;646;2
26;285;2
26;36;2
26;647;2
26;648;2
26;649;1
26;458;1
26;650;1
26;651;1
26;652;1
26;520;1
26;653;1
26;654;1
26;655;1
26;288;1
26;656;1
26;289;1
26;657;1
27;488;9
27;71;7
27;324;6
27;159;7
27;310;6
27;115;4
27;7;4
27;13;4
27;175;4
27;658;4
27;44;4
27;659;3
27;458;3
27;660;3
27;461;3
27;206;3
27;177;3
27;155;3
27;150;2
27;78;2
27;34;2
27;297;2
27;661;2
27;64;2
27;323;2
27;405;2
27;92;2
27;410;2
27;76;2
27;254;2
27;267;2
27;662;2
27;663;2
27;247;2
27;58;2
27;664;1
27;665;1
27;666;1
27;9;1
27;215;1
27;667;1
27;455;1
27;229;1
27;668;1
27;276;1
27;669;1
27;597;1
27;147;1
27;670;1
27;195;1
27;199;1
27;36;1
27;416;1
27;671;1
27;80;1
27;117;1
27;672;1
27;301;1
27;295;1
27;464;1
27;673;1
27;27;1
27;4;1
27;86;1
27;428;1
27;17;1
27;341;1
27;213;1
27;62;1
27;674;1
27;675;1
27;268;1
27;676;1
27;607;1
27;176;1
27;677;1
27;678;1
27;544;1
27;376;1
27;29;1
27;68;1
27;84;1
27;679;1
27;183;1
27;636;1
27;680;1
28;96;41
28;7;12
28;5;11
28;150;9
28;382;8
28;98;6
28;75;5
28;681;4
28;35;4
28;163;3
28;682;3
28;683;3
28;158;2
28;393;2
28;16;2
28;664;2
28;238;2
28;74;2
28;484;2
28;152;1
28;27;1
28;19;1
28;68;1
28;129;1
28;684;1
28;635;1
28;479;1
28;145;1
28;685;1
28;686;1
28;687;1
28;688;1
28;689;1
28;690;1
28;481;1
28;691;1
28;692;1
28;503;1
28;693;1
29;98;8
29;150;7
29;69;5
29;26;5
29;68;3
29;226;3
29;453;2
29;234;2
29;140;2
29;272;2
29;385;2
29;4;2
29;16;2
29;248;1
29;382;1
29;160;1
29;27;1
29;694;1
29;343;1
29;19;1
29;269;1
29;393;1
29;455;1
29;695;1
29;376;1
29;50;1
29;353;1
29;696;1
29;263;1
29;421;1
29;412;1
29;652;1
29;6;1
29;36;1
29;486;1
29;228;1
29;96;1
29;44;1
30;179;14
30;150;14
30;75;8
30;136;7
30;69;6
30;311;6
30;174;5
30;134;5
30;7;5
30;93;4
30;172;4
30;502;4
30;272;4
30;558;4
30;500;4
30;147;3
30;16;3
30;193;3
30;148;3
30;285;2
30;5;2
30;19;2
30;295;2
30;96;2
30;223;2
30;140;2
30;197;2
30;17;2
30;652;2
30;58;2
30;67;2
30;188;2
30;697;1
30;276;1
30;37;1
30;681;1
30;698;1
30;211;1
30;237;1
30;247;1
30;699;1
30;122;1
30;184;1
30;115;1
30;76;1
30;49;1
30;74;1
30;249;1
30;700;1
30;50;1
30;29;1
30;201;1
30;274;1
30;25;1
30;674;1
30;666;1
30;81;1
30;64;1
30;701;1
30;623;1
30;91;1
30;702;1
30;159;1
30;310;1
30;703;1
30;30;1
30;15;1
30;92;1
30;100;1
30;23;1
30;34;1
30;35;1
30;155;1
30;346;1
30;704;1
30;705;1
30;248;1
30;196;1
30;706;1
30;200;1
30;323;1
30;243;1
30;3;1
30;189;1
30;228;1
30;245;1
30;707;1
30;304;1
30;20;1
30;224;1
30;252;1
30;199;1
30;708;1
30;709;1
30;351;1
31;133;16
31;150;14
31;18;9
31;41;6
31;76;4
31;3;4
31;102;4
31;480;3
31;28;3
31;13;3
31;271;3
31;339;3
31;96;3
31;106;3
31;269;2
31;710;2
31;711;2
31;11;2
31;19;2
31;134;2
31;146;2
31;9;2
31;712;2
31;680;2
31;702;2
31;346;2
31;89;2
31;95;2
31;517;2
31;36;2
31;295;2
31;29;2
31;484;2
31;713;1
31;68;1
31;105;1
31;326;1
31;714;1
31;207;1
31;715;1
31;263;1
31;716;1
31;104;1
31;152;1
31;717;1
31;147;1
31;338;1
31;30;1
31;718;1
31;719;1
31;720;1
31;697;1
31;502;1
31;513;1
31;143;1
31;129;1
31;721;1
31;722;1
31;67;1
31;240;1
31;723;1
31;168;1
31;724;1
31;725;1
31;662;1
31;652;1
31;115;1
31;85;1
31;726;1
31;522;1
31;663;1
31;304;1
31;27;1
31;727;1
31;283;1
31;247;1
31;23;1
31;201;1
31;351;1
31;172;1
31;728;1
31;24;1
31;160;1
31;191;1
31;225;1
31;625;1
31;78;1
31;547;1
31;729;1
31;213;1
31;2;1
31;730;1
31;268;1
31;178;1
31;600;1
31;159;1
31;310;1
31;731;1
31;25;1
31;163;1
31;1;1
31;39;1
31;708;1
31;84;1
31;371;1
31;485;1
31;189;1
31;165;1
31;52;1
31;145;1
31;598;1
31;40;1
31;249;1
31;732;1
31;499;1
31;120;1
31;42;1
31;535;1
32;69;21
32;538;13
32;345;10
32;189;8
32;27;7
32;122;6
32;48;5
32;98;5
32;376;5
32;400;4
32;51;3
32;13;2
32;268;2
32;4;2
32;246;2
32;14;2
32;456;2
32;461;2
32;44;2
32;253;1
32;604;1
32;226;1
32;272;1
32;733;1
32;234;1
32;178;1
32;305;1
32;371;1
32;118;1
32;554;1
32;191;1
32;259;1
32;324;1
32;50;1
32;398;1
32;125;1
32;247;1
33;410;28
33;50;21
33;4;15
33;125;3
33;637;3
33;69;3
33;98;3
33;419;3
33;84;3
33;78;2
33;81;2
33;734;2
33;53;2
33;14;2
33;184;2
33;21;2
33;51;2
33;268;2
33;122;2
33;455;2
33;630;1
33;735;1
33;615;1
33;155;1
33;136;1
33;186;1
33;39;1
33;736;1
33;150;1
33;737;1
33;738;1
33;94;1
33;92;1
33;228;1
33;311;1
33;159;1
33;310;1
33;132;1
33;17;1
33;527;1
33;233;1
33;13;1
33;305;1
33;16;1
33;59;1
33;530;1
33;195;1
33;247;1
33;473;1
33;226;1
33;554;1
33;538;1
33;237;1
33;183;1
33;7;1
33;265;1
33;57;1
33;453;1
33;376;1
33;189;1
33;739;1
33;68;1
33;5;1
33;740;1
33;412;1
34;476;83
34;253;24
34;527;20
34;259;12
34;741;1
35;28;107
35;18;50
35;357;25
35;111;7
35;392;4
35;109;4
36;314;51
36;323;9
36;324;7
36;283;7
36;742;5
36;115;5
36;247;4
36;44;4
36;206;4
36;75;4
36;743;3
36;320;3
36;128;3
36;532;3
36;315;2
36;327;2
36;275;2
36;325;2
36;316;2
36;458;2
36;464;2
36;244;2
36;229;2
36;656;1
36;744;1
36;317;1
36;745;1
36;334;1
36;51;1
36;117;1
36;746;1
36;747;1
36;748;1
36;749;1
36;319;1
36;125;1
36;332;1
36;41;1
36;750;1
36;751;1
36;304;1
36;318;1
36;537;1
36;658;1
36;165;1
36;752;1
36;753;1
36;25;1
36;163;1
36;754;1
36;298;1
36;192;1
36;454;1
36;492;1
36;249;1
36;522;1
36;52;1
36;398;1
37;454;20
37;59;14
37;752;14
37;453;14
37;249;13
37;125;10
37;755;6
37;298;3
37;756;3
37;757;2
37;758;2
37;759;1
37;760;1
37;535;1
37;761;1
37;762;1
37;763;1
37;764;1
37;474;1
37;765;1
37;455;1
37;236;1
37;766;1
38;324;47
38;331;25
38;234;11
38;767;8
38;645;6
38;651;6
38;51;3
38;768;2
38;613;2
38;769;2
38;99;1
38;35;1
38;223;1
38;644;1
38;770;1
39;28;18
39;84;6
39;538;5
39;133;5
39;18;4
39;7;4
39;117;4
39;19;4
39;147;4
39;76;3
39;640;3
39;593;3
39;75;3
39;346;3
39;159;3
39;310;3
39;215;3
39;44;3
39;238;3
39;90;2
39;159;2
39;202;2
39;136;2
39;143;2
39;506;2
39;371;2
39;10;2
39;96;2
39;98;2
39;365;2
39;173;2
39;366;2
39;41;2
39;193;2
39;246;2
39;771;2
39;294;2
39;1;2
39;2;2
39;282;2
39;9;2
39;307;2
39;601;2
39;74;2
39;269;2
39;230;2
39;718;2
39;719;2
39;723;2
39;661;2
39;744;2
39;351;2
39;295;2
39;88;2
39;772;1
39;426;1
39;73;1
39;680;1
39;600;1
39;484;1
39;139;1
39;634;1
39;773;1
39;323;1
39;636;1
39;244;1
39;163;1
39;480;1
39;165;1
39;327;1
39;639;1
39;250;1
39;67;1
39;196;1
39;189;1
39;774;1
39;225;1
39;670;1
39;722;1
39;29;1
39;219;1
39;222;1
39;289;1
39;53;1
39;485;1
39;533;1
39;709;1
39;459;1
39;475;1
39;315;1
39;775;1
39;607;1
39;61;1
39;350;1
39;624;1
39;278;1
39;776;1
39;3;1
39;4;1
39;22;1
39;777;1
39;778;1
39;134;1
39;779;1
39;5;1
39;49;1
39;780;1
39;34;1
39;191;1
39;302;1
39;199;1
39;781;1
39;460;1
39;782;1
39;473;1
39;783;1
39;612;1
39;784;1
39;785;1
39;359;1
39;251;1
39;786;1
39;787;1
39;140;1
39;179;1
39;218;1
39;727;1
39;788;1
39;420;1
39;158;1
39;789;1
40;21;38
40;13;34
40;4;18
40;373;7
40;1;6
40;30;5
40;595;4
40;8;4
40;272;4
40;71;3
40;125;3
40;410;3
40;189;2
40;233;2
40;75;2
40;22;2
40;210;2
40;2;2
40;3;2
40;637;2
40;412;2
40;321;1
40;28;1
40;196;1
40;26;1
40;50;1
40;48;1
40;226;1
40;485;1
40;177;1
40;790;1
40;61;1
40;685;1
40;152;1
40;150;1
40;164;1
40;295;1
40;268;1
40;285;1
40;259;1
40;10;1
40;88;1
40;14;1
40;17;1
40;5;1
40;53;1
40;604;1
40;98;1
40;162;1
40;249;1
40;69;1
40;736;1
40;184;1
40;136;1
41;320;62
41;317;49
41;532;47
41;318;4
41;539;3
41;287;1
41;791;1
41;537;1
41;298;1
42;230;89
42;59;35
42;186;9
42;368;9
42;240;8
42;324;6
42;155;6
42;298;5
42;471;5
42;371;4
42;320;4
42;398;4
42;557;3
42;192;2
42;792;2
42;71;2
42;224;1
42;793;1
42;191;1
42;301;1
42;702;1
42;243;1
42;754;1
42;791;1
42;538;1
42;592;1
42;173;1
42;376;1
42;170;1
42;745;1
42;794;1
42;127;1
42;1;1
43;159;15
43;310;15
43;410;11
43;795;10
43;13;5
43;17;4
43;4;4
43;245;4
43;12;3
43;155;3
43;84;3
43;136;3
43;186;2
43;125;2
43;681;2
43;426;2
43;558;2
43;240;2
43;790;2
43;20;2
43;26;2
43;8;2
43;637;2
43;81;2
43;98;2
43;228;2
43;229;1
43;547;1
43;174;1
43;16;1
43;288;1
43;527;1
43;494;1
43;58;1
43;235;1
43;72;1
43;796;1
43;163;1
43;7;1
43;162;1
43;226;1
43;599;1
43;797;1
43;798;1
43;799;1
43;800;1
43;73;1
43;150;1
43;801;1
43;87;1
43;207;1
43;802;1
43;61;1
43;69;1
43;515;1
43;685;1
43;152;1
43;530;1
43;3;1
43;272;1
43;297;1
43;34;1
43;630;1
43;794;1
43;803;1
43;804;1
43;718;1
43;719;1
43;30;1
43;23;1
43;215;1
43;715;1
43;230;1
43;805;1
43;50;1
43;64;1
43;213;1
43;201;1
43;179;1
43;187;1
43;74;1
43;250;1
43;194;1
43;589;1
43;806;1
44;410;15
44;455;7
44;558;5
44;459;5
44;125;4
44;373;4
44;4;4
44;547;3
44;98;3
44;26;3
44;233;3
44;184;2
44;637;2
44;428;2
44;234;2
44;5;2
44;50;2
44;807;2
44;470;2
44;808;2
44;809;1
44;810;1
44;811;1
44;272;1
44;343;1
44;27;1
44;453;1
44;812;1
44;340;1
44;813;1
44;814;1
44;16;1
44;611;1
44;815;1
44;21;1
44;461;1
44;412;1
44;816;1
44;376;1
45;346;22
45;28;19
45;29;16
45;18;14
45;364;11
45;76;10
45;67;10
45;351;6
45;56;4
45;7;4
45;358;4
45;106;3
45;117;3
45;817;3
45;818;3
45;42;3
45;366;2
45;251;2
45;159;2
45;376;2
45;662;2
45;485;2
45;74;2
45;342;2
45;161;2
45;515;2
45;206;1
45;109;1
45;819;1
45;190;1
45;820;1
45;821;1
45;350;1
45;822;1
45;300;1
45;276;1
45;53;1
45;213;1
45;823;1
45;461;1
45;720;1
45;824;1
45;410;1
45;115;1
45;658;1
45;532;1
45;825;1
45;19;1
45;96;1
45;160;1
45;594;1
45;630;1
45;278;1
45;103;1
45;826;1
45;676;1
45;208;1
45;827;1
45;828;1
45;268;1
45;530;1
45;412;1
45;202;1
45;155;1
45;829;1
45;830;1
45;311;1
45;247;1
45;201;1
45;345;1
45;831;1
45;341;1
45;176;1
45;234;1
45;240;1
45;832;1
45;12;1
45;17;1
45;229;1
45;833;1
45;191;1
45;709;1
45;834;1
45;359;1
45;835;1
45;836;1
45;837;1
45;348;1
46;26;10
46;69;7
46;4;6
46;5;6
46;189;5
46;371;5
46;265;5
46;51;4
46;456;4
46;48;4
46;21;4
46;50;4
46;122;3
46;272;3
46;581;3
46;24;3
46;292;2
46;548;2
46;398;2
46;98;2
46;248;2
46;150;2
46;305;2
46;590;2
46;96;2
46;385;2
46;426;2
46;410;2
46;464;1
46;617;1
46;838;1
46;839;1
46;207;1
46;324;1
46;175;1
46;301;1
46;540;1
46;234;1
46;192;1
46;298;1
46;31;1
46;230;1
46;13;1
46;339;1
46;647;1
46;840;1
46;195;1
46;689;1
46;100;1
46;162;1
46;841;1
46;552;1
46;58;1
46;134;1
46;77;1
46;172;1
46;457;1
46;64;1
46;247;1
46;237;1
46;427;1
46;268;1
46;708;1
46;213;1
46;246;1
46;81;1
46;73;1
46;805;1
46;637;1
46;638;1
46;534;1
46;28;1
46;686;1
46;92;1
46;20;1
46;326;1
46;842;1
46;843;1
46;307;1
46;501;1
46;179;1
46;25;1
46;46;1
46;249;1
46;641;1
46;503;1
46;309;1
47;155;14
47;125;11
47;453;7
47;159;6
47;310;5
47;268;4
47;230;3
47;267;3
47;240;3
47;249;3
47;50;3
47;460;2
47;844;2
47;658;2
47;17;2
47;57;2
47;843;2
47;186;2
47;718;2
47;719;2
47;21;2
47;427;2
47;845;2
47;846;2
47;206;2
47;794;2
47;847;2
47;30;2
47;816;2
47;752;2
47;848;2
47;454;2
47;135;2
47;849;2
47;850;2
47;426;1
47;2;1
47;191;1
47;458;1
47;96;1
47;765;1
47;211;1
47;270;1
47;594;1
47;225;1
47;373;1
47;13;1
47;410;1
47;851;1
47;445;1
47;12;1
47;506;1
47;852;1
47;853;1
47;82;1
47;248;1
47;80;1
47;8;1
47;255;1
47;639;1
47;190;1
47;7;1
47;455;1
47;92;1
47;730;1
47;177;1
47;148;1
47;4;1
47;854;1
47;26;1
47;473;1
47;450;1
47;737;1
47;855;1
47;856;1
47;857;1
47;33;1
47;292;1
47;858;1
47;859;1
47;670;1
47;860;1
47;71;1
47;301;1
47;84;1
47;61;1
47;818;1
47;861;1
47;835;1
47;862;1
47;432;1
47;385;1
47;59;1
48;346;71
48;112;44
48;28;38
48;351;26
48;18;11
48;277;1
49;13;37
49;1;14
49;3;12
49;24;11
49;8;9
49;21;7
49;31;4
49;4;4
49;353;3
49;247;3
49;189;3
49;27;2
49;272;2
49;26;2
49;51;2
49;112;2
49;81;2
49;61;2
49;196;2
49;637;2
49;16;2
49;863;2
49;595;1
49;234;1
49;864;1
49;14;1
49;118;1
49;248;1
49;69;1
49;249;1
49;219;1
49;164;1
49;159;1
49;310;1
49;139;1
49;33;1
49;276;1
49;205;1
49;92;1
49;230;1
49;125;1
49;183;1
49;190;1
49;115;1
49;206;1
49;210;1
49;400;1
49;48;1
49;865;1
49;796;1
49;412;1
49;98;1
49;259;1
49;642;1
49;385;1
50;75;127
50;250;27
50;162;14
50;627;6
50;484;5
50;150;4
50;74;4
50;29;4
50;166;3
50;6;2
50;241;2
50;46;2
50;96;2
50;146;1
50;15;1
50;207;1
50;502;1
50;475;1
50;168;1
50;866;1
50;158;1
50;239;1
50;164;1
51;125;17
51;298;11
51;48;8
51;412;5
51;189;5
51;75;4
51;1;4
51;24;3
51;122;3
51;559;3
51;700;3
51;146;3
51;3;3
51;867;2
51;28;2
51;868;2
51;659;2
51;624;2
51;307;2
51;519;2
51;197;2
51;8;2
51;13;2
51;17;2
51;358;1
51;869;1
51;29;1
51;346;1
51;76;1
51;56;1
51;870;1
51;871;1
51;159;1
51;424;1
51;90;1
51;500;1
51;872;1
51;492;1
51;259;1
51;77;1
51;473;1
51;72;1
51;480;1
51;283;1
51;10;1
51;292;1
51;209;1
51;23;1
51;599;1
51;115;1
51;4;1
51;507;1
51;212;1
51;238;1
51;7;1
51;150;1
51;162;1
51;234;1
51;50;1
51;136;1
51;163;1
51;95;1
51;873;1
51;716;1
51;874;1
51;781;1
51;22;1
51;523;1
52;16;48
52;246;25
52;269;23
52;249;18
52;189;11
52;192;7
52;72;6
52;708;6
52;247;5
52;193;5
52;875;4
52;225;4
52;215;3
52;229;3
52;48;3
52;125;2
52;321;2
52;323;2
52;538;2
52;876;2
52;877;2
52;305;1
52;410;1
52;226;1
52;27;1
52;554;1
52;710;1
52;817;1
52;699;1
52;307;1
52;878;1
52;879;1
52;36;1
52;14;1
52;412;1
52;206;1
53;159;101
53;310;101
53;297;57
53;718;39
53;880;9
53;881;2
53;572;2
53;882;1
53;376;1
53;883;1
53;884;1
53;267;1
53;461;1
53;634;1
53;824;1
53;885;1
53;281;1
53;467;1
53;64;1
53;434;1
53;886;1
53;887;1
53;888;1
53;731;1
53;758;1
53;889;1
53;20;1
53;890;1
53;636;1
53;30;1
54;294;47
54;554;16
54;246;14
54;461;13
54;98;7
54;189;6
54;642;4
54;686;3
54;269;3
54;706;2
54;315;2
54;247;2
54;16;2
54;284;2
54;252;1
54;699;1
54;324;1
54;104;1
54;538;1
54;220;1
54;48;1
54;636;1
54;891;1
54;63;1
55;89;6
55;688;4
55;371;4
55;69;4
55;892;4
55;136;4
55;893;3
55;208;3
55;894;3
55;643;3
55;34;3
55;98;2
55;895;2
55;896;2
55;74;2
55;385;2
55;105;2
55;51;2
55;461;2
55;147;2
55;677;2
55;229;1
55;457;1
55;897;1
55;197;1
55;785;1
55;898;1
55;899;1
55;900;1
55;75;1
55;163;1
55;513;1
55;283;1
55;567;1
55;578;1
55;901;1
55;174;1
55;678;1
55;902;1
55;903;1
55;217;1
55;702;1
55;663;1
55;904;1
55;905;1
55;906;1
55;774;1
55;506;1
55;324;1
55;376;1
55;179;1
55;311;1
55;234;1
55;315;1
55;907;1
55;580;1
55;464;1
55;908;1
55;909;1
56;455;37
56;427;34
56;437;9
56;412;7
56;431;5
56;435;5
56;440;4
56;637;3
56;445;3
56;421;3
56;555;2
56;433;2
56;428;2
56;910;1
56;432;1
56;449;1
56;438;1
56;424;1
56;450;1
56;911;1
56;439;1
56;641;1
56;912;1
56;913;1
56;429;1
56;235;1
57;637;6
57;323;3
57;30;3
57;4;3
57;473;3
57;353;2
57;391;2
57;50;2
57;8;2
57;607;2
57;159;2
57;412;2
57;254;1
57;24;1
57;33;1
57;877;1
57;914;1
57;595;1
57;376;1
57;31;1
57;600;1
57;915;1
57;36;1
57;455;1
57;552;1
57;916;1
57;917;1
57;371;1
57;601;1
57;643;1
57;34;1
57;225;1
57;228;1
57;174;1
57;918;1
57;919;1
57;48;1
57;739;1
57;623;1
57;920;1
57;530;1
57;129;1
57;704;1
57;294;1
57;1;1
57;3;1
58;644;38
58;645;30
58;921;18
58;331;15
58;35;13
58;651;9
58;7;6
58;922;5
58;923;5
58;529;4
58;692;4
58;223;4
58;657;2
58;924;2
58;770;2
58;702;2
58;648;2
58;925;1
58;926;1
58;216;1
58;133;1
58;29;1
58;840;1
58;34;1
58;927;1
58;91;1
58;163;1
58;195;1
59;5;16
59;150;14
59;27;13
59;19;12
59;98;9
59;96;5
59;7;5
59;686;3
59;16;3
59;271;3
59;51;3
59;207;2
59;195;2
59;259;2
59;68;2
59;46;2
59;238;2
59;34;2
59;25;2
59;385;2
59;4;2
59;69;2
59;91;1
59;74;1
59;499;1
59;710;1
59;13;1
59;509;1
59;178;1
59;134;1
59;163;1
59;217;1
59;791;1
59;635;1
59;701;1
59;9;1
59;664;1
59;502;1
59;201;1
59;305;1
59;484;1
59;75;1
59;66;1
59;928;1
59;179;1
59;200;1
59;480;1
59;48;1
59;53;1
59;627;1
59;50;1
59;929;1
59;387;1
59;930;1
59;426;1
59;543;1
59;15;1
59;927;1
59;90;1
59;600;1
60;125;54
60;224;8
60;230;6
60;59;6
60;249;5
60;453;3
60;538;3
60;150;3
60;155;3
60;50;3
60;373;2
60;320;2
60;164;2
60;228;2
60;7;2
60;391;2
60;46;1
60;598;1
60;94;1
60;931;1
60;199;1
60;866;1
60;932;1
60;12;1
60;933;1
60;139;1
60;393;1
60;197;1
60;247;1
60;75;1
60;364;1
60;72;1
60;66;1
60;934;1
60;51;1
60;189;1
60;613;1
60;470;1
60;117;1
60;21;1
60;69;1
60;547;1
60;98;1
60;500;1
60;186;1
60;192;1
60;160;1
60;594;1
60;226;1
60;115;1
60;301;1
60;4;1
60;18;1
60;127;1
60;161;1
60;368;1
60;311;1
60;294;1
60;210;1
60;71;1
60;309;1
60;229;1
60;600;1
60;96;1
60;302;1
60;64;1
60;184;1
61;72;6
61;301;6
61;304;6
61;17;5
61;3;4
61;697;4
61;75;4
61;71;4
61;155;4
61;704;4
61;295;4
61;183;3
61;30;3
61;41;3
61;133;3
61;150;3
61;248;3
61;191;3
61;18;3
61;147;3
61;36;3
61;598;3
61;935;3
61;244;2
61;371;2
61;1;2
61;745;2
61;275;2
61;134;2
61;428;2
61;240;2
61;74;2
61;229;2
61;502;2
61;627;2
61;182;2
61;201;2
61;193;2
61;94;2
61;936;2
61;162;2
61;199;2
61;170;2
61;230;2
61;159;2
61;310;2
61;937;2
61;708;2
61;84;2
61;599;1
61;590;1
61;145;1
61;938;1
61;391;1
61;419;1
61;939;1
61;234;1
61;940;1
61;215;1
61;538;1
61;636;1
61;24;1
61;235;1
61;117;1
61;16;1
61;931;1
61;495;1
61;92;1
61;838;1
61;941;1
61;771;1
61;224;1
61;601;1
61;142;1
61;28;1
61;652;1
61;942;1
61;138;1
61;48;1
61;44;1
61;943;1
61;130;1
61;29;1
61;900;1
61;100;1
61;167;1
61;276;1
61;103;1
61;804;1
61;274;1
61;806;1
61;205;1
61;814;1
61;944;1
61;66;1
61;96;1
61;945;1
61;269;1
61;40;1
61;946;1
61;8;1
61;529;1
61;47;1
61;414;1
61;917;1
61;144;1
61;7;1
61;34;1
61;947;1
61;19;1
61;9;1
61;552;1
61;871;1
61;228;1
61;948;1
61;172;1
61;173;1
61;530;1
61;179;1
61;140;1
61;519;1
61;58;1
61;49;1
61;661;1
61;709;1
61;612;1
61;450;1
61;33;1
61;949;1
61;210;1
61;600;1
61;500;1
61;298;1
61;950;1
61;951;1
61;67;1
61;346;1
61;952;1
61;594;1
61;196;1
61;934;1
61;725;1
61;732;1
61;312;1
61;953;1
61;192;1
61;718;1
61;719;1
61;188;1
62;240;7
62;271;7
62;201;6
62;194;6
62;150;5
62;233;4
62;44;4
62;125;4
62;5;4
62;513;4
62;69;4
62;371;4
62;16;3
62;247;3
62;248;3
62;307;3
62;796;3
62;51;3
62;9;3
62;4;3
62;230;3
62;700;3
62;27;3
62;954;3
62;376;3
62;13;3
62;272;3
62;724;3
62;23;2
62;96;2
62;75;2
62;283;2
62;74;2
62;14;2
62;48;2
62;163;2
62;948;2
62;7;2
62;34;2
62;64;2
62;955;2
62;189;2
62;21;2
62;119;2
62;12;2
62;94;2
62;715;2
62;26;2
62;154;1
62;6;1
62;236;1
62;128;1
62;795;1
62;458;1
62;117;1
62;90;1
62;105;1
62;779;1
62;198;1
62;207;1
62;68;1
62;215;1
62;294;1
62;956;1
62;499;1
62;253;1
62;895;1
62;694;1
62;604;1
62;400;1
62;613;1
62;957;1
62;50;1
62;31;1
62;30;1
62;385;1
62;259;1
62;305;1
62;456;1
62;530;1
62;958;1
62;155;1
62;495;1
62;476;1
62;312;1
62;959;1
62;183;1
62;76;1
62;211;1
62;678;1
62;208;1
62;637;1
62;15;1
62;175;1
62;426;1
62;356;1
62;960;1
62;726;1
62;151;1
62;323;1
62;461;1
62;115;1
62;206;1
62;368;1
62;95;1
62;961;1
62;341;1
62;480;1
62;18;1
62;199;1
62;184;1
62;118;1
62;410;1
62;265;1
62;594;1
62;302;1
62;28;1
62;159;1
62;310;1
62;136;1
62;249;1
62;605;1
62;962;1
62;963;1
62;627;1
64;13;68
64;4;21
64;21;11
64;174;5
64;410;4
64;455;4
64;77;4
64;637;2
64;27;2
64;125;1
64;89;1
64;412;1
64;964;1
64;965;1
64;904;1
64;966;1
64;834;1
64;50;1
64;630;1
64;122;1
64;581;1
64;189;1
64;967;1
64;552;1
64;194;1
64;326;1
65;324;7
65;621;4
65;318;3
65;748;3
65;125;2
65;4;2
65;647;2
65;128;2
65;291;2
65;412;2
65;968;1
65;458;1
65;557;1
65;334;1
65;51;1
65;604;1
65;317;1
65;221;1
65;546;1
65;651;1
65;649;1
65;169;1
65;969;1
65;473;1
65;648;1
65;534;1
65;970;1
65;13;1
65;481;1
65;252;1
66;454;32
66;249;16
66;125;8
66;752;6
66;298;5
66;412;4
66;859;3
66;236;3
66;455;2
66;424;2
66;971;1
66;623;1
66;198;1
66;683;1
66;756;1
66;972;1
66;230;1
66;4;1
66;453;1
66;973;1
66;633;1
66;974;1
66;292;1
66;872;1
66;762;1
68;240;9
68;268;6
68;763;6
68;461;6
68;249;6
68;453;6
68;155;5
68;410;5
68;186;4
68;159;4
68;310;4
68;816;3
68;26;3
68;460;3
68;718;3
68;719;3
68;17;3
68;92;2
68;33;2
68;844;2
68;752;2
68;50;2
68;98;2
68;125;2
68;25;2
68;21;2
68;247;2
68;4;2
68;729;2
68;211;2
68;206;2
68;236;2
68;975;2
68;192;2
68;873;2
68;420;2
68;976;1
68;232;1
68;470;1
68;305;1
68;623;1
68;411;1
68;327;1
68;122;1
68;51;1
68;977;1
68;459;1
68;978;1
68;267;1
68;979;1
68;494;1
68;784;1
68;670;1
68;112;1
68;201;1
68;248;1
68;198;1
68;123;1
68;400;1
68;27;1
68;458;1
68;547;1
68;324;1
68;230;1
68;980;1
68;658;1
68;857;1
68;203;1
68;723;1
68;625;1
68;440;1
68;981;1
68;982;1
68;96;1
68;150;1
68;323;1
68;637;1
68;69;1
68;983;1
68;598;1
68;59;1
68;57;1
68;551;1
68;806;1
69;752;31
69;454;15
69;762;8
69;453;7
69;249;6
69;468;5
69;763;4
69;984;3
69;985;3
69;986;2
69;971;2
69;240;2
69;230;2
69;426;2
69;987;1
69;988;1
69;186;1
69;844;1
69;84;1
69;51;1
69;155;1
69;160;1
69;6;1
69;989;1
69;199;1
69;990;1
69;621;1
70;538;10
70;991;10
70;324;6
70;294;6
70;269;5
70;7;4
70;225;4
70;161;4
70;791;3
70;34;3
70;664;3
70;352;3
70;1;3
70;154;3
70;627;3
70;492;3
70;992;2
70;44;2
70;398;2
70;371;2
70;587;2
70;993;2
70;12;2
70;557;2
70;210;2
70;220;2
70;175;2
70;28;2
70;307;2
70;994;2
70;74;2
70;427;2
70;995;1
70;247;1
70;996;1
70;895;1
70;64;1
70;997;1
70;48;1
70;215;1
70;311;1
70;96;1
70;117;1
70;485;1
70;179;1
70;281;1
70;155;1
70;527;1
70;76;1
70;835;1
70;22;1
70;16;1
70;625;1
70;554;1
70;818;1
70;598;1
70;162;1
70;998;1
70;295;1
70;188;1
70;551;1
70;248;1
70;547;1
70;72;1
70;999;1
70;502;1
70;216;1
70;35;1
70;81;1
70;461;1
70;810;1
70;363;1
70;178;1
70;277;1
70;346;1
70;480;1
70;1000;1
70;431;1
70;450;1
70;661;1
70;159;1
70;310;1
70;33;1
70;420;1
70;3;1
70;206;1
70;152;1
70;488;1
70;833;1
70;681;1
70;217;1
70;353;1
70;1001;1
70;506;1
70;770;1
71;150;10
71;5;9
71;476;6
71;47;5
71;527;4
71;253;4
71;1002;3
71;239;3
71;604;3
71;207;3
71;152;3
71;7;2
71;217;2
71;55;2
71;393;2
71;96;2
71;14;2
71;21;2
71;174;2
71;559;2
71;4;2
71;385;2
71;475;2
71;169;2
71;484;2
71;163;1
71;502;1
71;353;1
71;89;1
71;62;1
71;244;1
71;213;1
71;618;1
71;513;1
71;642;1
71;249;1
71;63;1
71;189;1
71;69;1
71;122;1
71;552;1
71;26;1
71;125;1
71;51;1
71;34;1
71;48;1
71;74;1
71;1003;1
71;75;1
71;164;1
71;693;1
71;667;1
71;84;1
71;644;1
71;98;1
71;371;1
71;1004;1
71;184;1
71;485;1
71;600;1
71;19;1
71;1005;1
71;247;1
71;530;1
72;476;141
72;162;8
72;74;7
72;259;5
72;527;4
72;133;3
72;27;3
72;150;2
72;166;1
72;75;1
72;520;1
72;76;1
72;1006;1
72;492;1
72;14;1
72;306;1
72;303;1
72;658;1
72;92;1
72;46;1
72;931;1
72;1007;1
72;248;1
72;117;1
72;234;1
72;604;1
72;26;1
72;382;1
72;371;1
73;72;62
73;294;51
73;269;27
73;307;23
73;192;13
73;193;7
73;215;5
73;174;4
73;210;4
73;84;3
73;302;2
73;179;2
73;708;2
73;230;1
73;199;1
73;538;1
73;115;1
73;7;1
73;188;1
73;631;1
73;36;1
73;1008;1
73;804;1
73;23;1
73;148;1
73;191;1
73;206;1
73;1009;1
73;229;1
74;75;52
74;162;23
74;74;14
74;285;13
74;163;10
74;46;7
74;476;7
74;29;6
74;96;5
74;6;4
74;192;4
74;150;3
74;1004;3
74;48;2
74;196;2
74;250;2
74;165;2
74;135;2
74;393;2
74;206;1
74;289;1
74;299;1
74;502;1
74;262;1
74;235;1
74;10;1
74;681;1
74;475;1
74;784;1
74;30;1
74;145;1
74;247;1
74;199;1
74;174;1
74;61;1
74;58;1
74;95;1
74;753;1
74;480;1
74;538;1
74;263;1
74;1010;1
74;664;1
74;148;1
74;8;1
74;56;1
74;294;1
74;90;1
74;323;1
74;1011;1
74;78;1
74;794;1
74;84;1
74;696;1
74;450;1
74;1012;1
74;12;1
74;164;1
74;594;1
74;353;1
74;605;1
74;16;1
74;346;1
74;613;1
74;485;1
74;704;1
74;64;1
74;57;1
74;779;1
74;219;1
74;19;1
75;69;64
75;98;13
75;122;8
75;376;5
75;189;4
75;461;4
75;226;3
75;608;3
75;265;3
75;234;3
75;51;3
75;412;2
75;1013;2
75;1014;2
75;699;2
75;642;2
75;246;1
75;245;1
75;421;1
75;872;1
75;247;1
75;553;1
75;605;1
75;325;1
75;50;1
75;643;1
75;509;1
75;739;1
75;174;1
75;1015;1
75;706;1
75;147;1
75;385;1
75;21;1
75;118;1
75;588;1
75;547;1
75;26;1
75;652;1
75;371;1
76;150;8
76;34;7
76;1016;7
76;147;7
76;89;6
76;75;6
76;1017;5
76;269;4
76;512;4
76;268;3
76;115;3
76;7;3
76;90;3
76;206;3
76;22;3
76;6;2
76;210;2
76;627;2
76;30;2
76;192;2
76;1018;2
76;15;2
76;276;2
76;306;2
76;366;2
76;8;2
76;25;2
76;502;2
76;105;2
76;238;2
76;484;2
76;164;2
76;275;2
76;78;2
76;136;2
76;143;2
76;201;2
76;69;2
76;207;2
76;203;1
76;281;1
76;1019;1
76;515;1
76;485;1
76;155;1
76;100;1
76;176;1
76;613;1
76;283;1
76;745;1
76;779;1
76;255;1
76;219;1
76;28;1
76;483;1
76;1020;1
76;64;1
76;271;1
76;96;1
76;56;1
76;661;1
76;794;1
76;427;1
76;323;1
76;84;1
76;453;1
76;590;1
76;530;1
76;412;1
76;328;1
76;42;1
76;847;1
76;142;1
76;95;1
76;188;1
76;692;1
76;91;1
76;190;1
76;74;1
76;629;1
76;46;1
76;630;1
76;931;1
76;1;1
76;24;1
76;174;1
76;950;1
76;200;1
76;302;1
76;179;1
76;1021;1
76;159;1
76;310;1
76;304;1
76;1022;1
76;239;1
76;1023;1
76;134;1
76;773;1
76;948;1
76;907;1
76;876;1
76;295;1
76;316;1
76;191;1
76;804;1
76;48;1
76;243;1
76;538;1
76;346;1
76;569;1
76;601;1
76;667;1
76;311;1
76;364;1
76;29;1
76;625;1
76;351;1
76;41;1
76;514;1
76;1024;1
76;223;1
77;538;73
77;210;28
77;269;27
77;307;16
77;226;13
77;215;12
77;302;8
77;708;8
77;189;7
77;515;6
77;732;5
77;294;5
77;192;5
77;949;4
77;554;4
77;695;3
77;631;2
77;1025;1
77;246;1
77;485;1
77;778;1
77;794;1
77;1026;1
78;98;8
78;136;8
78;201;8
78;44;8
78;134;7
78;47;5
78;155;5
78;453;4
78;150;4
78;48;4
78;147;4
78;426;4
78;948;4
78;268;3
78;174;3
78;96;3
78;248;3
78;815;3
78;22;3
78;206;3
78;71;3
78;23;3
78;95;3
78;1027;3
78;642;3
78;371;2
78;202;2
78;190;2
78;690;2
78;51;2
78;179;2
78;195;2
78;213;2
78;634;2
78;162;2
78;4;2
78;197;2
78;94;2
78;12;2
78;17;2
78;1028;2
78;172;2
78;272;2
78;50;2
78;467;2
78;226;2
78;668;2
78;1029;2
78;1030;2
78;160;2
78;219;2
78;78;2
78;240;2
78;140;2
78;19;2
78;207;2
78;228;2
78;217;2
78;230;2
78;24;2
78;30;2
78;1009;2
78;340;2
78;125;2
78;1031;1
78;170;1
78;149;1
78;733;1
78;277;1
78;128;1
78;1032;1
78;117;1
78;275;1
78;76;1
78;341;1
78;1033;1
78;83;1
78;297;1
78;693;1
78;1034;1
78;649;1
78;846;1
78;658;1
78;598;1
78;16;1
78;196;1
78;90;1
78;506;1
78;994;1
78;58;1
78;245;1
78;1035;1
78;810;1
78;667;1
78;295;1
78;730;1
78;69;1
78;770;1
78;75;1
78;364;1
78;163;1
78;480;1
78;385;1
78;311;1
78;651;1
78;1036;1
78;5;1
78;1037;1
78;324;1
78;112;1
78;932;1
78;1038;1
78;33;1
78;1039;1
78;1040;1
78;731;1
78;276;1
78;37;1
78;283;1
78;234;1
78;456;1
78;301;1
78;630;1
78;883;1
78;89;1
78;1041;1
78;661;1
78;194;1
78;307;1
78;323;1
78;241;1
78;188;1
78;265;1
78;670;1
78;594;1
78;1042;1
78;187;1
78;61;1
78;27;1
78;10;1
78;676;1
78;590;1
78;285;1
78;365;1
78;1043;1
78;305;1
78;32;1
78;225;1
78;1044;1
78;161;1
78;143;1
78;629;1
78;491;1
78;68;1
78;180;1
78;122;1
78;185;1
78;31;1
78;1045;1
78;572;1
78;20;1
78;328;1
78;80;1
78;1046;1
78;1047;1
78;567;1
78;1048;1
78;231;1
79;752;56
79;454;13
79;756;12
79;763;10
79;1049;8
79;762;6
79;764;5
79;759;5
79;468;3
79;48;3
79;985;3
79;765;3
79;249;2
79;1050;2
79;1051;2
79;847;2
79;453;1
79;844;1
79;1052;1
79;990;1
79;1053;1
79;976;1
79;1054;1
79;973;1
79;974;1
79;1055;1
79;1056;1
79;1057;1
79;155;1
79;1058;1
79;986;1
79;987;1
80;724;21
80;17;7
80;271;6
80;96;5
80;230;4
80;213;3
80;538;3
80;140;3
80;217;3
80;935;3
80;203;3
80;506;3
80;458;3
80;125;3
80;1059;3
80;192;3
80;190;3
80;91;2
80;159;2
80;310;2
80;328;2
80;5;2
80;530;2
80;28;2
80;480;2
80;30;2
80;222;2
80;48;2
80;23;2
80;73;2
80;218;2
80;47;2
80;794;2
80;7;2
80;1060;1
80;805;1
80;1061;1
80;311;1
80;117;1
80;219;1
80;674;1
80;197;1
80;6;1
80;103;1
80;1062;1
80;95;1
80;58;1
80;937;1
80;1063;1
80;609;1
80;277;1
80;179;1
80;38;1
80;172;1
80;351;1
80;737;1
80;944;1
80;13;1
80;186;1
80;155;1
80;98;1
80;161;1
80;634;1
80;82;1
80;150;1
80;25;1
80;69;1
80;4;1
80;90;1
80;413;1
80;559;1
80;83;1
80;302;1
80;492;1
80;8;1
80;1064;1
80;84;1
80;495;1
80;324;1
80;680;1
80;799;1
80;34;1
80;183;1
80;201;1
80;19;1
80;31;1
80;78;1
80;160;1
80;276;1
80;1;1
80;1065;1
80;51;1
80;1066;1
80;240;1
80;554;1
81;5;23
81;98;11
81;25;5
81;234;5
81;27;5
81;4;5
81;21;4
81;13;4
81;189;4
81;538;3
81;96;3
81;117;3
81;410;3
81;46;3
81;1;3
81;385;3
81;69;2
81;23;2
81;118;2
81;376;2
81;268;2
81;233;2
81;75;2
81;219;2
81;253;2
81;74;1
81;1067;1
81;194;1
81;201;1
81;143;1
81;276;1
81;178;1
81;246;1
81;136;1
81;47;1
81;1068;1
81;48;1
81;272;1
81;247;1
81;558;1
81;112;1
81;271;1
81;301;1
81;63;1
81;125;1
81;540;1
81;35;1
81;179;1
81;600;1
81;589;1
81;50;1
81;594;1
81;33;1
81;58;1
81;78;1
81;199;1
81;228;1
81;128;1
81;739;1
81;236;1
81;593;1
81;373;1
81;119;1
81;1069;1
81;53;1
81;1070;1
81;361;1
81;68;1
81;51;1
81;630;1
81;642;1
82;305;9
82;4;6
82;466;6
82;50;5
82;373;4
82;26;4
82;420;3
82;5;3
82;400;3
82;297;3
82;385;2
82;234;2
82;411;2
82;636;2
82;94;2
82;694;1
82;27;1
82;398;1
82;14;1
82;233;1
82;268;1
82;21;1
82;125;1
82;559;1
82;122;1
82;642;1
82;253;1
82;700;1
82;1071;1
82;7;1
82;662;1
82;36;1
82;33;1
82;1072;1
82;150;1
82;660;1
82;621;1
82;593;1
82;670;1
82;784;1
82;547;1
82;405;1
82;824;1
82;29;1
82;833;1
82;74;1
82;84;1
82;98;1
83;454;7
83;249;4
83;752;3
83;621;2
83;1053;2
83;758;2
83;4;2
83;59;1
83;232;1
83;650;1
83;324;1
83;192;1
83;1065;1
83;792;1
83;1073;1
83;1074;1
83;230;1
83;453;1
83;972;1
83;1069;1
83;1075;1
83;1076;1
83;986;1
83;1077;1
84;419;19
84;41;17
84;133;5
84;50;5
84;39;5
84;630;4
84;96;3
84;376;3
84;158;2
84;724;2
84;75;2
84;103;2
84;790;2
84;120;2
84;145;2
84;917;1
84;802;1
84;7;1
84;702;1
84;162;1
84;421;1
84;412;1
84;234;1
84;400;1
84;150;1
84;206;1
84;410;1
84;27;1
84;40;1
84;720;1
84;1078;1
84;872;1
84;326;1
84;918;1
84;527;1
84;11;1
84;259;1
84;160;1
84;521;1
84;183;1
84;165;1
84;192;1
84;53;1
84;335;1
85;48;4
85;50;4
85;69;4
85;373;3
85;16;3
85;98;3
85;259;3
85;371;2
85;606;2
85;246;2
85;410;2
85;21;2
85;291;2
85;686;1
85;323;1
85;68;1
85;557;1
85;326;1
85;13;1
85;189;1
85;391;1
85;27;1
85;249;1
85;206;1
85;4;1
85;234;1
85;458;1
85;537;1
85;38;1
85;581;1
85;368;1
85;51;1
85;59;1
85;304;1
85;400;1
85;125;1
85;543;1
86;1;8
86;145;8
86;201;5
86;9;4
86;78;4
86;613;3
86;230;3
86;271;3
86;188;3
86;134;3
86;294;3
86;81;3
86;84;3
86;538;2
86;304;2
86;708;2
86;75;2
86;250;2
86;235;2
86;72;2
86;804;2
86;136;2
86;195;2
86;513;2
86;64;2
86;546;2
86;3;2
86;22;2
86;306;2
86;163;2
86;215;2
86;37;1
86;185;1
86;16;1
86;133;1
86;659;1
86;1079;1
86;269;1
86;1080;1
86;731;1
86;59;1
86;495;1
86;6;1
86;15;1
86;814;1
86;29;1
86;223;1
86;461;1
86;186;1
86;485;1
86;225;1
86;70;1
86;90;1
86;898;1
86;44;1
86;193;1
86;143;1
86;7;1
86;140;1
86;595;1
86;1081;1
86;190;1
86;8;1
86;96;1
86;483;1
86;810;1
86;206;1
86;1082;1
86;725;1
86;674;1
86;194;1
86;1083;1
86;948;1
86;779;1
86;2;1
86;76;1
86;627;1
86;95;1
86;150;1
86;34;1
86;610;1
86;1084;1
86;79;1
86;1085;1
86;10;1
86;196;1
86;20;1
86;94;1
86;213;1
86;17;1
86;426;1
86;240;1
86;1086;1
86;46;1
86;376;1
86;835;1
86;295;1
86;105;1
86;207;1
86;1087;1
86;692;1
87;28;42
87;18;40
87;67;26
87;342;16
87;76;15
87;352;11
87;351;9
87;346;8
87;366;8
87;625;4
87;254;3
87;24;3
87;350;3
87;29;3
87;601;3
87;341;3
87;835;2
87;56;2
87;277;2
87;834;2
87;1088;2
87;870;2
87;356;2
87;359;2
87;133;1
87;72;1
87;42;1
87;1089;1
87;1090;1
87;77;1
87;344;1
87;1091;1
87;817;1
87;1092;1
87;966;1
87;368;1
87;106;1
87;547;1
87;659;1
87;1093;1
87;1094;1
88;28;53
88;18;35
88;346;18
88;76;15
88;29;11
88;1089;7
88;67;7
88;366;5
88;357;5
88;350;5
88;345;5
88;341;4
88;62;4
88;364;4
88;56;3
88;835;3
88;954;3
88;625;3
88;129;3
88;42;2
88;1094;2
88;359;2
88;342;2
88;24;2
88;352;2
88;133;2
88;1095;1
88;601;1
88;1088;1
88;624;1
88;198;1
88;1085;1
88;607;1
88;599;1
88;106;1
88;351;1
88;344;1
88;358;1
88;159;1
88;1096;1
88;251;1
88;817;1
88;277;1
88;706;1
88;11;1
89;155;6
89;44;5
89;281;4
89;51;4
89;4;4
89;50;4
89;558;3
89;455;3
89;28;2
89;674;2
89;7;2
89;96;2
89;203;2
89;240;2
89;1097;2
89;21;2
89;234;2
89;259;2
89;604;2
89;246;2
89;340;2
89;128;2
89;1098;2
89;376;2
89;125;2
89;731;1
89;145;1
89;143;1
89;832;1
89;1099;1
89;712;1
89;326;1
89;191;1
89;426;1
89;1100;1
89;13;1
89;11;1
89;29;1
89;476;1
89;140;1
89;65;1
89;1101;1
89;164;1
89;551;1
89;994;1
89;255;1
89;1102;1
89;644;1
89;1103;1
89;718;1
89;719;1
89;1104;1
89;1105;1
89;35;1
89;172;1
89;461;1
89;928;1
89;17;1
89;150;1
89;848;1
89;916;1
89;298;1
89;595;1
89;1106;1
89;25;1
89;103;1
89;964;1
89;84;1
89;324;1
89;176;1
89;795;1
89;48;1
89;709;1
89;237;1
89;98;1
89;304;1
89;319;1
89;14;1
89;405;1
89;904;1
89;120;1
89;1078;1
89;325;1
89;248;1
89;368;1
89;458;1
89;546;1
89;371;1
89;479;1
89;453;1
89;247;1
90;724;50
90;7;26
90;98;10
90;150;6
90;75;4
90;238;3
90;735;2
90;172;1
90;84;1
90;163;1
90;695;1
90;28;1
90;37;1
90;174;1
90;77;1
90;187;1
90;912;1
90;1107;1
90;939;1
90;179;1
90;275;1
90;118;1
90;13;1
90;34;1
90;136;1
90;89;1
91;972;32
91;1108;17
91;761;13
91;765;5
91;1109;5
91;974;4
91;1110;3
91;1111;1
91;1112;1
91;1054;1
91;1113;1
91;758;1
91;1114;1
91;973;1
91;990;1
91;1073;1
91;764;1
92;39;38
92;41;6
92;13;4
92;4;4
92;40;4
92;480;4
92;48;4
92;527;3
92;105;3
92;193;3
92;7;2
92;53;2
92;11;2
92;78;2
92;8;2
92;376;2
92;412;2
92;538;2
92;16;2
92;681;2
92;210;2
92;530;2
92;27;1
92;249;1
92;5;1
92;236;1
92;134;1
92;543;1
92;172;1
92;1115;1
92;87;1
92;84;1
92;95;1
92;161;1
92;29;1
92;591;1
92;718;1
92;719;1
92;154;1
92;1116;1
92;471;1
92;59;1
92;1114;1
92;174;1
92;178;1
92;155;1
92;320;1
92;269;1
92;2;1
92;191;1
92;670;1
92;456;1
92;103;1
92;67;1
92;794;1
92;1117;1
92;96;1
92;195;1
92;69;1
92;276;1
92;824;1
92;165;1
92;419;1
92;150;1
92;157;1
92;678;1
92;23;1
92;184;1
92;226;1
92;194;1
92;24;1
92;52;1
92;117;1
92;247;1
92;410;1
92;1085;1
92;201;1
92;25;1
92;734;1
92;72;1
92;130;1
92;930;1
93;1118;69
93;177;27
93;74;23
93;132;23
93;75;13
93;150;12
93;19;5
93;627;3
93;95;3
93;152;2
93;217;2
93;306;1
93;221;1
93;96;1
93;502;1
94;2;8
94;78;7
94;9;7
94;72;5
94;159;5
94;310;5
94;147;5
94;84;4
94;135;3
94;710;3
94;832;3
94;42;3
94;10;3
94;8;3
94;30;3
94;206;3
94;680;3
94;172;3
94;32;3
94;162;3
94;532;3
94;133;3
94;795;3
94;193;2
94;1;2
94;355;2
94;76;2
94;31;2
94;248;2
94;44;2
94;75;2
94;96;2
94;295;2
94;801;2
94;3;2
94;61;2
94;18;2
94;458;2
94;228;2
94;269;2
94;152;2
94;681;2
94;7;2
94;538;2
94;427;2
94;590;2
94;491;2
94;174;2
94;195;1
94;33;1
94;139;1
94;207;1
94;804;1
94;464;1
94;256;1
94;278;1
94;71;1
94;622;1
94;306;1
94;163;1
94;461;1
94;196;1
94;38;1
94;1119;1
94;1026;1
94;936;1
94;201;1
94;273;1
94;288;1
94;603;1
94;952;1
94;230;1
94;150;1
94;917;1
94;307;1
94;1120;1
94;235;1
94;595;1
94;244;1
94;480;1
94;164;1
94;34;1
94;636;1
94;24;1
94;503;1
94;240;1
94;527;1
94;599;1
94;192;1
94;73;1
94;57;1
94;689;1
94;17;1
94;210;1
94;92;1
94;205;1
94;179;1
94;148;1
94;1121;1
94;627;1
94;250;1
94;791;1
94;1122;1
94;554;1
94;286;1
94;290;1
94;301;1
94;29;1
94;43;1
94;314;1
94;211;1
94;175;1
94;1104;1
94;368;1
94;1123;1
94;431;1
94;428;1
94;190;1
94;70;1
94;103;1
94;601;1
94;74;1
94;685;1
94;294;1
94;351;1
94;106;1
94;1124;1
94;954;1
94;376;1
94;243;1
94;285;1
94;658;1
94;202;1
94;134;1
94;136;1
94;479;1
95;268;32
95;1041;15
95;371;13
95;376;13
95;176;13
95;175;12
95;544;8
95;827;8
95;413;6
95;460;4
95;522;4
95;470;3
95;883;3
95;846;3
95;548;2
95;1125;2
95;1126;2
95;816;2
95;547;2
95;324;2
95;620;2
95;1127;2
95;365;2
95;84;2
95;733;2
95;1128;2
95;934;2
95;605;2
95;729;1
95;188;1
95;1129;1
95;678;1
95;1130;1
95;1131;1
95;1132;1
95;1133;1
95;196;1
95;1039;1
95;1134;1
95;884;1
95;1135;1
95;1136;1
95;148;1
96;5;19
96;96;11
96;382;6
96;7;5
96;393;5
96;51;5
96;247;5
96;371;3
96;234;3
96;69;3
96;150;3
96;66;3
96;13;2
96;16;2
96;609;2
96;677;2
96;48;2
96;14;2
96;738;2
96;223;2
96;184;1
96;21;1
96;635;1
96;265;1
96;305;1
96;206;1
96;112;1
96;1137;1
96;502;1
96;155;1
96;75;1
96;927;1
96;34;1
96;67;1
96;687;1
96;145;1
96;507;1
96;376;1
96;1138;1
96;216;1
96;1139;1
96;136;1
96;271;1
96;248;1
96;514;1
96;326;1
96;272;1
96;23;1
96;176;1
96;1067;1
96;74;1
96;293;1
96;142;1
96;385;1
96;98;1
96;115;1
96;163;1
96;195;1
96;689;1
96;240;1
96;1140;1
96;4;1
96;506;1
96;783;1
96;221;1
96;35;1
96;315;1
96;1141;1
96;231;1
96;693;1
96;68;1
96;47;1
96;101;1
96;194;1
96;732;1
96;269;1
96;246;1
96;552;1
96;1142;1
96;201;1
96;500;1
96;179;1
97;651;15
97;657;10
97;324;5
97;644;4
97;648;4
97;750;3
97;248;3
97;1143;3
97;44;3
97;458;3
97;331;3
97;658;2
97;818;2
97;323;2
97;1144;2
97;993;2
97;992;2
97;924;2
97;283;1
97;75;1
97;27;1
97;244;1
97;646;1
97;649;1
97;567;1
97;252;1
97;546;1
97;326;1
97;1145;1
97;332;1
97;1146;1
97;1147;1
97;652;1
97;260;1
97;117;1
97;247;1
97;115;1
97;1105;1
97;455;1
97;809;1
97;206;1
97;322;1
97;412;1
97;1148;1
97;1149;1
97;1150;1
97;767;1
97;922;1
97;770;1
99;210;20
99;393;17
99;14;10
99;4;9
99;69;8
99;13;6
99;265;5
99;234;4
99;454;4
99;1002;4
99;1118;2
99;285;2
99;490;2
99;410;2
99;206;2
99;59;2
99;1151;1
99;72;1
99;226;1
99;48;1
99;453;1
99;368;1
99;98;1
99;66;1
99;223;1
99;878;1
99;1152;1
99;147;1
99;500;1
99;136;1
99;135;1
99;3;1
99;558;1
99;174;1
99;21;1
99;247;1
99;50;1
99;5;1
99;249;1
99;159;1
99;310;1
100;155;13
100;96;7
100;718;6
100;719;5
100;428;5
100;660;4
100;785;4
100;472;3
100;283;3
100;206;3
100;909;3
100;71;3
100;295;3
100;376;3
100;455;2
100;88;2
100;91;2
100;115;2
100;240;2
100;594;2
100;150;2
100;238;2
100;78;2
100;1153;2
100;297;2
100;658;2
100;844;2
100;949;2
100;1154;2
100;92;2
100;911;2
100;1155;2
100;186;2
100;224;2
100;67;2
100;976;2
100;847;2
100;194;1
100;1156;1
100;626;1
100;136;1
100;664;1
100;461;1
100;268;1
100;975;1
100;1157;1
100;800;1
100;117;1
100;450;1
100;160;1
100;1158;1
100;170;1
100;1159;1
100;230;1
100;31;1
100;1160;1
100;1161;1
100;145;1
100;228;1
100;692;1
100;280;1
100;75;1
100;229;1
100;304;1
100;219;1
100;200;1
100;1162;1
100;81;1
100;1163;1
100;251;1
100;659;1
100;1164;1
100;533;1
100;727;1
100;190;1
100;159;1
100;310;1
100;29;1
100;33;1
100;59;1
100;889;1
100;320;1
100;279;1
100;346;1
100;345;1
100;721;1
100;649;1
100;816;1
100;723;1
100;1165;1
100;990;1
100;824;1
100;1166;1
100;1074;1
100;211;1
100;17;1
100;662;1
100;453;1
100;371;1
100;678;1
100;681;1
100;6;1
100;163;1
100;164;1
100;1167;1
100;434;1
100;513;1
100;196;1
100;770;1
100;1168;1
100;1169;1
100;55;1
100;932;1
100;1170;1
100;544;1
100;431;1
100;281;1
100;214;1
100;416;1
100;628;1
100;676;1
100;962;1
100;1171;1
100;307;1
100;94;1
100;784;1
100;1023;1
100;567;1
100;1172;1
100;105;1
100;1058;1
100;34;1
100;1173;1
100;763;1
100;232;1
100;488;1
100;901;1
101;84;8
101;179;7
101;155;6
101;194;5
101;307;5
101;5;4
101;346;4
101;724;4
101;96;4
101;75;4
101;211;4
101;731;3
101;58;3
101;461;3
101;219;3
101;64;3
101;18;3
101;294;3
101;567;2
101;359;2
101;626;2
101;8;2
101;175;2
101;30;2
101;67;2
101;607;2
101;298;2
101;117;2
101;29;2
101;341;2
101;20;2
101;371;2
101;42;2
101;136;2
101;669;2
101;4;2
101;677;2
101;73;2
101;147;2
101;621;2
101;230;1
101;10;1
101;1174;1
101;7;1
101;172;1
101;23;1
101;641;1
101;16;1
101;467;1
101;522;1
101;538;1
101;119;1
101;126;1
101;613;1
101;994;1
101;342;1
101;89;1
101;271;1
101;201;1
101;1154;1
101;190;1
101;552;1
101;503;1
101;473;1
101;174;1
101;1175;1
101;38;1
101;888;1
101;1084;1
101;206;1
101;189;1
101;199;1
101;37;1
101;74;1
101;843;1
101;794;1
101;283;1
101;150;1
101;47;1
101;281;1
101;44;1
101;1176;1
101;678;1
101;366;1
101;106;1
101;1177;1
101;1095;1
101;323;1
101;76;1
101;134;1
101;597;1
101;187;1
101;590;1
102;27;30
102;627;22
102;13;19
102;5;14
102;75;13
102;253;8
102;8;7
102;31;5
102;125;5
102;2;5
102;162;5
102;46;4
102;250;4
102;81;3
102;155;3
102;1;3
102;69;3
102;26;3
102;4;2
102;96;2
102;50;2
102;30;2
102;9;2
102;601;2
102;78;2
102;323;2
102;21;2
102;484;1
102;538;1
102;139;1
102;1019;1
102;95;1
102;259;1
102;3;1
102;59;1
102;10;1
102;456;1
102;189;1
102;192;1
102;605;1
102;442;1
102;68;1
102;315;1
102;194;1
102;1014;1
102;16;1
102;17;1
102;420;1
102;122;1
102;98;1
102;115;1
102;201;1
103;13;29
103;4;12
103;891;11
103;21;8
103;637;5
103;50;4
103;184;3
103;69;3
103;236;3
103;122;2
103;320;2
103;740;2
103;268;1
103;98;1
103;552;1
103;247;1
103;125;1
103;62;1
103;14;1
103;455;1
103;904;1
103;155;1
103;117;1
103;604;1
103;424;1
103;412;1
103;393;1
104;189;19
104;16;14
104;249;8
104;192;7
104;96;6
104;476;5
104;872;4
104;74;3
104;69;2
104;27;2
104;527;2
104;247;2
104;461;2
104;246;2
104;72;1
104;104;1
104;321;1
104;253;1
104;891;1
104;259;1
104;206;1
104;46;1
104;75;1
104;57;1
104;225;1
104;294;1
104;319;1
104;48;1
104;159;1
104;607;1
104;412;1
104;166;1
105;249;21
105;454;20
105;752;9
105;859;9
105;455;7
105;847;7
105;373;5
105;186;4
105;232;4
105;1178;2
105;621;2
105;59;2
105;268;1
105;843;1
105;855;1
105;412;1
105;1179;1
105;794;1
105;292;1
105;468;1
105;739;1
105;1180;1
105;763;1
106;28;105
106;106;19
106;18;18
106;625;17
106;29;16
106;119;12
106;364;9
106;1094;8
106;869;4
106;350;4
106;243;3
106;1181;1
106;351;1
107;522;21
107;5;5
107;98;4
107;234;4
107;21;3
107;412;3
107;1182;2
107;1183;1
107;340;1
107;385;1
107;226;1
107;189;1
107;75;1
107;7;1
107;554;1
107;295;1
107;350;1
107;14;1
107;253;1
107;13;1
107;215;1
107;299;1
107;249;1
107;559;1
107;53;1
107;69;1
107;1184;1
107;51;1
107;247;1
107;48;1
107;1185;1
107;569;1
107;125;1
