2;1;30
2;2;21
2;3;21
2;4;20
2;5;19
2;6;18
2;7;17
2;8;17
2;9;16
2;10;13
2;11;12
2;12;11
2;13;11
2;14;11
2;15;10
2;16;10
2;17;9
2;18;9
2;19;9
2;20;9
2;21;9
2;22;8
2;23;8
2;24;8
2;25;8
2;26;7
2;27;7
2;28;7
2;29;7
2;30;6
2;31;6
2;32;6
2;33;6
2;34;6
2;35;6
2;36;5
2;37;5
2;38;5
2;39;5
2;40;5
2;41;4
2;42;4
2;43;4
2;44;4
2;45;4
2;46;4
2;47;4
2;48;4
2;49;4
2;50;3
2;51;3
2;52;3
2;53;3
2;54;3
2;55;3
2;56;3
2;57;3
2;58;3
2;59;3
2;60;3
2;61;3
2;62;2
2;63;2
2;64;2
2;65;2
2;66;2
2;67;2
2;68;2
2;69;2
2;70;2
2;71;2
2;72;2
2;73;2
2;74;2
2;75;2
2;76;2
2;77;2
2;78;2
2;79;2
2;80;2
2;81;2
2;82;2
2;83;2
2;84;2
2;85;2
2;86;2
2;87;2
2;88;2
2;89;2
2;90;2
2;91;2
2;92;2
2;93;2
2;94;2
2;95;1
2;96;1
2;97;1
2;98;1
2;99;1
2;100;1
2;101;1
2;102;1
2;103;1
2;104;1
2;105;1
2;106;1
2;107;1
2;108;1
2;109;1
2;110;1
2;111;1
2;112;1
2;113;1
2;114;1
2;115;1
2;116;1
2;117;1
2;118;1
2;119;1
2;120;1
2;121;1
2;122;1
2;123;1
2;124;1
2;125;1
2;126;1
2;127;1
2;128;1
2;129;1
2;130;1
2;131;1
2;132;1
2;133;1
2;134;1
2;135;1
2;136;1
2;137;1
2;138;1
2;139;1
2;140;1
2;141;1
2;142;1
2;143;1
2;144;1
2;145;1
2;146;1
2;147;1
2;148;1
2;149;1
2;150;1
2;151;1
2;152;1
2;153;1
2;154;1
2;155;1
2;156;1
2;157;1
2;158;1
2;159;1
2;160;1
2;161;1
2;162;1
2;163;1
3;29;63
3;34;19
3;164;17
3;40;16
3;162;7
3;165;5
3;166;4
3;20;4
3;167;4
3;14;3
3;168;3
3;1;3
3;169;3
3;170;3
3;41;2
3;28;2
3;171;2
3;172;2
3;173;2
3;174;2
3;175;2
3;44;2
3;77;2
3;176;1
3;177;1
3;60;1
3;2;1
3;31;1
3;178;1
3;179;1
3;46;1
3;180;1
3;181;1
3;182;1
3;107;1
3;183;1
3;19;1
3;184;1
3;88;1
3;185;1
3;186;1
3;50;1
3;187;1
3;188;1
3;155;1
3;189;1
3;190;1
3;24;1
3;137;1
3;123;1
3;191;1
3;192;1
3;193;1
3;194;1
3;195;1
3;196;1
3;197;1
3;108;1
3;198;1
3;199;1
4;57;33
4;1;30
4;2;22
4;101;21
4;17;18
4;29;17
4;19;16
4;40;14
4;44;13
4;200;12
4;201;12
4;24;10
4;6;10
4;143;9
4;9;8
4;10;8
4;20;8
4;202;8
4;203;7
4;92;6
4;35;6
4;18;6
4;12;6
4;186;5
4;7;5
4;204;5
4;205;5
4;39;4
4;84;4
4;138;4
4;140;4
4;32;4
4;206;4
4;207;4
4;11;3
4;8;3
4;28;3
4;61;3
4;30;3
4;27;3
4;52;3
4;90;3
4;208;3
4;209;3
4;162;2
4;99;2
4;33;2
4;210;2
4;163;2
4;211;2
4;184;2
4;212;2
4;198;2
4;71;2
4;5;2
4;213;2
4;214;2
4;215;2
4;105;2
4;41;2
4;74;1
4;43;1
4;51;1
4;216;1
4;217;1
4;218;1
4;219;1
4;220;1
4;221;1
4;222;1
4;94;1
4;223;1
4;224;1
4;225;1
4;226;1
4;227;1
4;228;1
4;70;1
4;72;1
4;;
4;29;1
4;54;1
4;229;1
4;230;1
4;231;1
4;22;1
4;232;1
4;133;1
4;233;1
4;73;1
4;234;1
4;135;1
4;235;1
4;69;1
4;236;1
4;237;1
4;96;1
4;238;1
4;239;1
4;240;1
4;241;1
4;137;1
4;242;1
5;98;91
5;243;16
5;11;13
5;244;12
5;66;11
5;18;6
5;29;5
5;99;5
5;6;5
5;245;4
5;246;3
5;119;3
5;247;2
5;1;2
5;208;2
5;143;2
5;158;2
5;92;2
5;248;2
5;2;2
5;140;2
5;150;1
5;64;1
5;230;1
5;67;1
5;32;1
5;198;1
5;146;1
5;249;1
5;250;1
5;251;1
5;10;1
5;139;1
5;242;1
5;113;1
5;82;1
5;41;1
5;5;1
5;13;1
5;39;1
5;252;1
5;68;1
5;137;1
5;238;1
5;253;1
5;71;1
5;14;1
6;1;19
6;35;14
6;162;14
6;24;12
6;107;11
6;77;9
6;2;9
6;100;8
6;236;8
6;254;8
6;15;8
6;94;8
6;55;7
6;3;7
6;6;6
6;18;6
6;246;5
6;155;5
6;7;5
6;12;4
6;9;4
6;14;4
6;19;4
6;61;4
6;68;4
6;43;4
6;255;4
6;28;4
6;69;4
6;32;4
6;64;4
6;256;3
6;34;3
6;257;3
6;11;3
6;250;3
6;49;3
6;13;3
6;220;3
6;258;3
6;173;3
6;66;2
6;219;2
6;96;2
6;121;2
6;223;2
6;138;2
6;259;2
6;88;2
6;248;2
6;260;2
6;41;2
6;261;2
6;38;2
6;262;2
6;263;2
6;264;2
6;39;2
6;265;2
6;266;2
6;52;2
6;229;2
6;267;1
6;45;1
6;56;1
6;268;1
6;269;1
6;270;1
6;212;1
6;271;1
6;26;1
6;87;1
6;161;1
6;148;1
6;145;1
6;272;1
6;273;1
6;274;1
6;275;1
6;113;1
6;243;1
6;104;1
6;70;1
6;207;1
6;276;1
6;21;1
6;277;1
6;57;1
6;149;1
6;140;1
6;278;1
6;74;1
6;279;1
6;123;1
6;85;1
6;280;1
6;51;1
6;281;1
6;282;1
6;283;1
6;284;1
6;285;1
6;232;1
6;286;1
6;287;1
6;106;1
6;156;1
6;288;1
6;108;1
6;252;1
6;65;1
6;117;1
6;129;1
6;289;1
6;130;1
6;227;1
6;201;1
6;290;1
6;17;1
6;137;1
6;92;1
6;291;1
6;292;1
6;238;1
6;293;1
6;29;1
6;90;1
7;155;21
7;9;12
7;42;11
7;236;10
7;19;7
7;6;7
7;1;7
7;64;6
7;10;5
7;68;5
7;24;5
7;12;5
7;138;5
7;294;5
7;54;4
7;92;4
7;77;3
7;18;3
7;215;3
7;28;3
7;295;3
7;20;2
7;296;2
7;145;2
7;220;2
7;85;2
7;235;2
7;162;2
7;297;2
7;57;2
7;298;2
7;204;2
7;224;2
7;154;2
7;269;2
7;17;2
7;25;2
7;143;1
7;218;1
7;99;1
7;208;1
7;255;1
7;212;1
7;254;1
7;299;1
7;300;1
7;130;1
7;301;1
7;302;1
7;7;1
7;303;1
7;258;1
7;41;1
7;304;1
7;305;1
7;35;1
7;11;1
7;37;1
7;306;1
7;307;1
7;50;1
7;34;1
7;29;1
7;15;1
7;100;1
7;308;1
7;238;1
7;144;1
7;246;1
7;223;1
7;309;1
7;66;1
7;310;1
7;129;1
7;229;1
7;52;1
7;111;1
7;22;1
7;311;1
7;107;1
7;32;1
7;312;1
7;313;1
7;314;1
7;278;1
8;24;36
8;34;32
8;1;31
8;32;28
8;173;19
8;20;18
8;145;17
8;41;13
8;11;13
8;29;12
8;57;10
8;77;10
8;207;9
8;40;8
8;4;7
8;39;6
8;138;6
8;96;6
8;5;5
8;122;5
8;84;5
8;107;5
8;6;5
8;155;4
8;228;4
8;263;4
8;315;4
8;92;4
8;108;4
8;162;4
8;236;4
8;8;4
8;19;4
8;75;4
8;17;3
8;316;3
8;276;3
8;232;3
8;7;3
8;21;3
8;317;3
8;74;2
8;143;2
8;318;2
8;279;2
8;319;2
8;320;2
8;31;2
8;37;2
8;120;2
8;89;2
8;13;2
8;125;2
8;85;2
8;161;2
8;90;2
8;15;2
8;220;2
8;22;2
8;45;2
8;18;2
8;133;2
8;64;2
8;12;2
8;139;2
8;321;1
8;9;1
8;211;1
8;152;1
8;132;1
8;14;1
8;70;1
8;229;1
8;252;1
8;72;1
8;322;1
8;237;1
8;88;1
8;141;1
8;38;1
8;66;1
8;111;1
8;323;1
8;10;1
8;204;1
8;246;1
8;103;1
8;137;1
8;33;1
8;200;1
8;43;1
8;324;1
8;26;1
8;312;1
8;325;1
8;326;1
8;304;1
8;3;1
8;270;1
8;327;1
8;300;1
8;328;1
8;42;1
8;329;1
8;209;1
8;330;1
8;331;1
8;100;1
8;269;1
8;332;1
8;333;1
8;334;1
8;335;1
8;336;1
8;337;1
8;104;1
8;93;1
8;212;1
8;338;1
8;78;1
8;339;1
8;28;1
8;254;1
8;340;1
8;341;1
9;171;16
9;34;12
9;155;9
9;143;9
9;168;8
9;331;8
9;11;7
9;6;6
9;220;6
9;175;5
9;29;5
9;37;5
9;138;5
9;111;4
9;19;4
9;24;4
9;144;4
9;337;3
9;71;3
9;17;3
9;40;2
9;342;2
9;92;2
9;41;2
9;96;2
9;218;2
9;316;2
9;205;2
9;28;2
9;123;2
9;54;2
9;343;2
9;254;2
9;20;2
9;296;2
9;1;2
9;64;2
9;215;2
9;133;1
9;39;1
9;106;1
9;84;1
9;219;1
9;57;1
9;344;1
9;345;1
9;132;1
9;236;1
9;9;1
9;159;1
9;346;1
9;292;1
9;347;1
9;348;1
9;66;1
9;69;1
9;14;1
9;162;1
9;169;1
9;349;1
9;350;1
9;108;1
9;18;1
9;351;1
9;186;1
9;51;1
9;161;1
9;44;1
9;242;1
9;352;1
10;34;31
10;29;30
10;107;20
10;143;18
10;10;17
10;92;11
10;162;11
10;1;10
10;20;10
10;353;10
10;6;9
10;155;9
10;19;9
10;354;9
10;163;8
10;8;7
10;17;7
10;77;6
10;5;6
10;14;5
10;61;5
10;355;5
10;9;5
10;270;5
10;169;4
10;212;4
10;85;4
10;11;4
10;84;4
10;32;4
10;240;3
10;279;3
10;138;3
10;87;3
10;90;3
10;317;3
10;112;3
10;295;3
10;276;3
10;111;3
10;22;3
10;242;3
10;173;3
10;31;3
10;35;3
10;145;3
10;168;3
10;205;3
10;152;2
10;263;2
10;356;2
10;186;2
10;318;2
10;357;2
10;41;2
10;171;2
10;184;2
10;229;2
10;12;2
10;358;1
10;351;1
10;123;1
10;284;1
10;71;1
10;359;1
10;360;1
10;238;1
10;127;1
10;361;1
10;64;1
10;362;1
10;277;1
10;24;1
10;363;1
10;2;1
10;281;1
10;42;1
10;296;1
10;364;1
10;251;1
10;365;1
10;75;1
10;102;1
10;366;1
10;40;1
10;308;1
10;113;1
10;28;1
10;325;1
10;367;1
10;60;1
10;57;1
10;54;1
10;175;1
10;52;1
10;368;1
10;236;1
10;;
10;29;1
10;369;1
10;36;1
10;370;1
11;31;14
11;28;11
11;24;9
11;371;8
11;143;7
11;14;6
11;27;6
11;182;5
11;162;5
11;372;5
11;26;5
11;373;4
11;311;4
11;264;3
11;46;3
11;231;3
11;155;3
11;186;3
11;128;3
11;374;3
11;227;3
11;375;2
11;248;2
11;376;2
11;138;2
11;207;2
11;377;2
11;378;2
11;68;2
11;198;2
11;2;2
11;99;2
11;137;2
11;379;2
11;380;2
11;381;2
11;61;2
11;29;2
11;218;2
11;40;2
11;382;2
11;383;2
11;189;2
11;384;2
11;385;2
11;171;2
11;44;2
11;386;2
11;387;1
11;388;1
11;389;1
11;113;1
11;258;1
11;390;1
11;391;1
11;120;1
11;232;1
11;293;1
11;6;1
11;222;1
11;111;1
11;223;1
11;208;1
11;392;1
11;393;1
11;50;1
11;77;1
11;394;1
11;395;1
11;396;1
11;93;1
11;397;1
11;398;1
11;399;1
11;400;1
11;401;1
11;402;1
11;403;1
11;404;1
11;405;1
11;406;1
11;69;1
11;407;1
11;408;1
11;409;1
11;112;1
11;410;1
11;411;1
11;412;1
11;413;1
11;414;1
11;415;1
11;416;1
11;417;1
11;418;1
11;419;1
11;420;1
11;421;1
11;168;1
11;422;1
11;275;1
11;423;1
11;424;1
11;425;1
11;426;1
11;427;1
11;428;1
11;291;1
11;429;1
11;430;1
11;431;1
11;432;1
11;433;1
11;434;1
11;347;1
11;435;1
11;436;1
11;437;1
11;23;1
11;438;1
11;439;1
11;440;1
11;34;1
11;441;1
11;442;1
11;355;1
11;443;1
11;305;1
11;444;1
11;445;1
11;85;1
11;204;1
11;446;1
11;447;1
11;448;1
11;449;1
11;107;1
11;450;1
11;451;1
11;452;1
11;453;1
11;454;1
11;455;1
11;241;1
11;224;1
11;456;1
11;457;1
11;8;1
11;458;1
11;229;1
11;459;1
11;460;1
11;461;1
11;462;1
11;463;1
11;464;1
11;465;1
12;162;11
12;77;10
12;9;8
12;28;7
12;57;7
12;173;7
12;40;6
12;24;5
12;19;5
12;339;4
12;1;4
12;369;4
12;20;4
12;10;4
12;64;4
12;71;3
12;42;3
12;78;3
12;220;3
12;29;3
12;112;2
12;133;2
12;466;2
12;31;2
12;155;2
12;99;2
12;17;2
12;54;2
12;467;2
12;39;2
12;85;2
12;32;2
12;34;2
12;270;2
12;189;2
12;60;2
12;169;2
12;30;2
12;303;2
12;419;2
12;297;2
12;318;2
12;6;2
12;82;2
12;228;1
12;468;1
12;129;1
12;146;1
12;469;1
12;35;1
12;25;1
12;470;1
12;46;1
12;92;1
12;33;1
12;263;1
12;471;1
12;269;1
12;221;1
12;197;1
12;349;1
12;168;1
12;110;1
12;259;1
12;229;1
12;319;1
12;18;1
12;89;1
12;472;1
12;15;1
12;337;1
12;473;1
12;186;1
12;207;1
12;401;1
12;236;1
12;232;1
12;246;1
12;26;1
12;316;1
12;138;1
12;108;1
12;14;1
12;163;1
12;88;1
12;474;1
12;2;1
12;140;1
12;41;1
12;13;1
12;12;1
12;167;1
12;475;1
12;185;1
12;111;1
12;83;1
13;162;43
13;228;17
13;1;14
13;17;12
13;34;9
13;85;9
13;20;8
13;29;8
13;84;8
13;88;8
13;212;7
13;44;6
13;21;5
13;236;5
13;71;5
13;173;4
13;66;4
13;18;4
13;143;4
13;19;4
13;132;4
13;279;3
13;296;3
13;32;3
13;92;3
13;9;3
13;474;3
13;242;2
13;229;2
13;77;2
13;282;2
13;6;2
13;145;2
13;354;2
13;252;2
13;41;1
13;220;1
13;96;1
13;476;1
13;315;1
13;57;1
13;219;1
13;155;1
13;8;1
13;107;1
13;261;1
13;24;1
13;222;1
13;40;1
13;138;1
13;249;1
13;362;1
13;7;1
13;418;1
13;477;1
13;321;1
13;478;1
13;479;1
13;480;1
13;146;1
13;130;1
14;17;41
14;29;28
14;270;18
14;163;13
14;107;9
14;11;8
14;14;8
14;19;6
14;71;6
14;129;6
14;1;5
14;269;4
14;321;4
14;21;4
14;9;4
14;173;3
14;130;2
14;229;2
14;57;2
14;20;2
14;367;2
14;40;2
14;28;2
14;366;2
14;481;2
14;352;2
14;90;1
14;162;1
14;228;1
14;84;1
14;218;1
14;197;1
15;270;15
15;100;11
15;9;10
15;29;8
15;34;8
15;1;7
15;107;7
15;77;7
15;125;7
15;6;6
15;57;6
15;19;6
15;76;6
15;162;6
15;474;6
15;14;5
15;85;5
15;18;5
15;212;5
15;269;5
15;38;5
15;66;5
15;130;4
15;22;4
15;39;4
15;2;4
15;17;4
15;23;3
15;482;3
15;8;3
15;242;3
15;477;3
15;61;3
15;279;3
15;483;2
15;133;2
15;64;2
15;484;2
15;52;2
15;352;2
15;10;2
15;128;2
15;362;2
15;197;2
15;49;2
15;186;2
15;71;2
15;20;2
15;343;2
15;173;2
15;123;2
15;211;2
15;232;2
15;41;2
15;36;1
15;254;1
15;246;1
15;375;1
15;485;1
15;486;1
15;367;1
15;24;1
15;87;1
15;418;1
15;143;1
15;102;1
15;111;1
15;327;1
15;215;1
15;487;1
15;137;1
15;55;1
15;117;1
15;488;1
15;489;1
15;108;1
15;145;1
15;490;1
15;134;1
15;491;1
15;11;1
15;26;1
15;492;1
15;90;1
15;30;1
15;321;1
15;139;1
15;92;1
15;493;1
15;328;1
15;129;1
15;88;1
15;454;1
15;494;1
15;74;1
15;83;1
15;93;1
15;140;1
15;495;1
15;7;1
15;54;1
16;77;19
16;186;13
16;24;10
16;10;8
16;143;7
16;162;5
16;29;5
16;2;5
16;40;5
16;20;4
16;168;4
16;138;4
16;219;3
16;228;3
16;295;3
16;206;3
16;1;2
16;31;2
16;6;2
16;96;2
16;11;2
16;311;2
16;92;2
16;46;2
16;55;1
16;87;1
16;26;1
16;496;1
16;297;1
16;466;1
16;155;1
16;64;1
16;254;1
16;144;1
16;47;1
16;101;1
16;115;1
16;12;1
16;189;1
16;454;1
16;292;1
16;224;1
16;78;1
16;8;1
16;163;1
16;52;1
16;258;1
16;497;1
16;342;1
16;204;1
16;19;1
16;320;1
16;41;1
16;5;1
16;35;1
16;221;1
16;296;1
16;263;1
16;39;1
16;34;1
16;7;1
16;51;1
16;91;1
16;37;1
16;498;1
16;129;1
16;17;1
17;499;56
17;500;56
17;168;19
17;248;13
17;103;11
17;11;11
17;143;10
17;161;8
17;501;7
17;1;6
17;220;5
17;405;5
17;29;5
17;18;5
17;20;3
17;138;3
17;272;3
17;32;3
17;196;3
17;357;3
17;10;3
17;148;2
17;502;2
17;64;2
17;2;2
17;347;2
17;142;2
17;21;2
17;9;2
17;12;2
17;503;2
17;183;2
17;245;1
17;123;1
17;119;1
17;246;1
17;488;1
17;57;1
17;504;1
17;505;1
17;506;1
17;61;1
17;129;1
17;507;1
17;396;1
17;3;1
17;497;1
17;508;1
17;509;1
17;45;1
17;446;1
17;40;1
17;31;1
17;91;1
17;510;1
17;511;1
17;295;1
17;512;1
17;39;1
17;14;1
17;77;1
17;489;1
17;42;1
17;263;1
17;513;1
17;150;1
17;514;1
17;453;1
17;92;1
17;35;1
17;515;1
17;70;1
17;406;1
17;355;1
17;317;1
17;516;1
18;24;44
18;40;22
18;186;14
18;7;12
18;236;10
18;6;10
18;92;8
18;162;6
18;31;6
18;11;5
18;1;5
18;254;4
18;44;4
18;143;4
18;9;4
18;198;4
18;303;3
18;73;3
18;2;3
18;138;3
18;77;3
18;218;3
18;20;3
18;517;3
18;155;3
18;107;2
18;223;2
18;263;2
18;57;2
18;229;2
18;219;2
18;518;2
18;37;1
18;202;1
18;519;1
18;255;1
18;250;1
18;520;1
18;28;1
18;521;1
18;70;1
18;46;1
18;244;1
18;108;1
18;240;1
18;522;1
18;29;1
18;111;1
18;8;1
18;213;1
18;171;1
18;206;1
18;89;1
18;34;1
18;523;1
18;239;1
18;208;1
18;159;1
19;143;15
19;14;10
19;40;10
19;388;9
19;77;8
19;2;7
19;24;7
19;229;6
19;186;6
19;308;5
19;28;4
19;207;4
19;373;4
19;248;4
19;68;4
19;168;3
19;69;3
19;198;3
19;196;3
19;524;3
19;454;3
19;31;3
19;128;3
19;525;2
19;526;2
19;527;2
19;528;2
19;529;2
19;530;2
19;372;2
19;23;2
19;531;2
19;532;2
19;171;2
19;113;2
19;29;2
19;85;2
19;533;2
19;534;2
19;137;2
19;442;2
19;46;2
19;535;2
19;162;2
19;223;2
19;34;2
19;138;2
19;6;2
19;536;1
19;537;1
19;538;1
19;539;1
19;133;1
19;540;1
19;541;1
19;96;1
19;542;1
19;543;1
19;544;1
19;545;1
19;241;1
19;262;1
19;290;1
19;546;1
19;547;1
19;548;1
19;549;1
19;204;1
19;195;1
19;550;1
19;551;1
19;552;1
19;553;1
19;231;1
19;554;1
19;148;1
19;129;1
19;555;1
19;4;1
19;556;1
19;557;1
19;61;1
19;218;1
19;182;1
19;558;1
19;559;1
19;560;1
19;561;1
19;562;1
19;563;1
19;146;1
19;507;1
19;197;1
19;488;1
19;88;1
19;27;1
19;564;1
19;362;1
19;427;1
19;565;1
19;566;1
19;567;1
19;568;1
19;569;1
19;570;1
19;571;1
19;211;1
19;572;1
19;236;1
19;573;1
19;574;1
19;575;1
19;40;1
19;576;1
19;577;1
19;65;1
19;303;1
19;111;1
19;578;1
19;191;1
19;472;1
19;8;1
19;513;1
19;311;1
19;579;1
19;580;1
19;581;1
19;386;1
19;244;1
19;582;1
19;583;1
19;314;1
19;340;1
19;584;1
19;141;1
19;415;1
19;585;1
19;443;1
19;243;1
19;586;1
19;587;1
19;215;1
19;588;1
19;589;1
19;298;1
19;1;1
19;258;1
19;590;1
19;287;1
19;591;1
19;245;1
19;592;1
19;593;1
19;594;1
19;595;1
19;63;1
19;135;1
19;518;1
19;596;1
19;597;1
20;128;19
20;296;15
20;129;14
20;248;13
20;24;7
20;262;7
20;6;5
20;138;5
20;383;4
20;2;4
20;471;4
20;171;4
20;598;4
20;168;3
20;182;3
20;28;3
20;599;2
20;162;2
20;446;2
20;294;2
20;600;2
20;601;2
20;602;2
20;435;2
20;603;2
20;373;2
20;243;2
20;604;2
20;605;2
20;606;2
20;607;2
20;34;1
20;134;1
20;271;1
20;608;1
20;539;1
20;609;1
20;442;1
20;610;1
20;611;1
20;381;1
20;612;1
20;613;1
20;215;1
20;614;1
20;181;1
20;155;1
20;615;1
20;173;1
20;443;1
20;616;1
20;617;1
20;57;1
20;618;1
20;406;1
20;40;1
20;337;1
20;229;1
20;619;1
20;172;1
20;386;1
20;198;1
20;620;1
20;621;1
20;196;1
20;622;1
20;14;1
20;623;1
20;624;1
20;507;1
20;625;1
20;626;1
20;627;1
20;150;1
20;628;1
20;260;1
20;629;1
20;630;1
20;631;1
20;632;1
20;633;1
20;634;1
20;635;1
20;513;1
20;636;1
20;637;1
20;638;1
20;639;1
20;532;1
20;640;1
20;641;1
20;204;1
20;642;1
20;61;1
20;362;1
20;295;1
20;643;1
20;533;1
20;288;1
20;644;1
20;645;1
20;646;1
20;355;1
21;34;72
21;25;39
21;351;12
21;270;11
21;300;9
21;228;8
21;10;6
21;316;6
21;475;4
21;32;3
21;29;2
21;19;2
21;212;2
21;647;2
21;201;2
21;77;2
21;41;2
21;57;2
21;220;1
21;183;1
21;648;1
21;352;1
21;112;1
21;321;1
21;76;1
21;125;1
21;446;1
21;54;1
21;100;1
21;269;1
21;140;1
21;610;1
21;196;1
21;163;1
21;18;1
21;11;1
21;17;1
21;113;1
21;88;1
21;649;1
21;145;1
21;650;1
21;26;1
21;44;1
21;89;1
21;129;1
21;49;1
21;93;1
21;61;1
21;143;1
21;363;1
21;1;1
21;267;1
21;2;1
22;40;12
22;1;11
22;20;11
22;14;10
22;55;8
22;7;8
22;18;6
22;367;5
22;24;5
22;246;4
22;154;4
22;10;4
22;77;3
22;163;3
22;186;3
22;99;2
22;126;2
22;116;2
22;6;2
22;254;2
22;12;2
22;44;2
22;17;2
22;41;2
22;142;1
22;370;1
22;152;1
22;236;1
22;2;1
22;212;1
22;294;1
22;220;1
22;35;1
22;129;1
22;162;1
22;72;1
22;112;1
22;189;1
22;9;1
22;255;1
22;283;1
22;327;1
22;34;1
22;183;1
22;240;1
22;221;1
22;85;1
22;29;1
22;132;1
22;104;1
22;517;1
22;92;1
23;1;42
23;6;20
23;34;20
23;24;15
23;155;12
23;77;12
23;32;8
23;19;8
23;3;8
23;57;7
23;41;7
23;118;6
23;29;6
23;85;6
23;15;6
23;55;6
23;20;6
23;229;6
23;90;5
23;46;5
23;10;5
23;82;5
23;171;5
23;92;5
23;154;4
23;5;4
23;145;4
23;168;4
23;254;4
23;651;3
23;137;3
23;652;3
23;107;3
23;25;3
23;11;3
23;111;3
23;143;3
23;121;3
23;61;3
23;235;3
23;351;2
23;9;2
23;81;2
23;509;2
23;40;2
23;48;2
23;28;2
23;138;2
23;21;2
23;275;2
23;26;2
23;59;2
23;653;2
23;;
23;654;2
23;298;2
23;18;2
23;68;2
23;17;2
23;167;2
23;144;2
23;186;2
23;140;2
23;70;2
23;655;2
23;127;2
23;656;2
23;189;2
23;296;2
23;657;2
23;76;2
23;129;1
23;126;1
23;130;1
23;23;1
23;120;1
23;89;1
23;658;1
23;8;1
23;12;1
23;149;1
23;91;1
23;650;1
23;659;1
23;52;1
23;355;1
23;453;1
23;375;1
23;660;1
23;87;1
23;88;1
23;30;1
23;64;1
23;94;1
23;661;1
23;156;1
23;72;1
23;99;1
23;295;1
23;496;1
23;218;1
23;71;1
23;37;1
23;315;1
23;122;1
23;270;1
23;662;1
23;277;1
23;525;1
23;237;1
23;133;1
23;324;1
23;42;1
23;267;1
23;238;1
23;321;1
23;220;1
23;142;1
23;210;1
23;401;1
23;663;1
23;664;1
23;269;1
23;369;1
23;242;1
23;27;1
23;231;1
23;206;1
23;128;1
23;357;1
23;487;1
23;665;1
23;66;1
23;260;1
23;162;1
23;158;1
23;243;1
23;294;1
23;113;1
23;125;1
23;308;1
23;404;1
23;240;1
23;666;1
23;667;1
23;491;1
23;207;1
24;5;21
24;137;15
24;143;14
24;6;13
24;134;13
24;31;13
24;33;9
24;11;9
24;2;8
24;93;7
24;308;7
24;208;7
24;1;7
24;20;7
24;425;6
24;138;6
24;92;5
24;32;5
24;8;5
24;220;5
24;26;4
24;25;4
24;39;4
24;9;3
24;23;3
24;51;3
24;217;3
24;206;3
24;668;3
24;57;3
24;214;3
24;155;3
24;277;3
24;163;3
24;295;3
24;77;3
24;168;3
24;229;3
24;67;3
24;141;2
24;304;2
24;569;2
24;258;2
24;46;2
24;204;2
24;145;2
24;102;2
24;55;2
24;111;2
24;21;2
24;85;2
24;10;2
24;123;2
24;18;2
24;228;2
24;34;2
24;61;2
24;58;1
24;78;1
24;113;1
24;253;1
24;212;1
24;274;1
24;71;1
24;186;1
24;29;1
24;24;1
24;369;1
24;200;1
24;43;1
24;347;1
24;7;1
24;651;1
24;140;1
24;310;1
24;232;1
24;669;1
24;76;1
24;670;1
24;254;1
24;44;1
24;17;1
24;340;1
24;269;1
24;106;1
24;227;1
24;317;1
24;671;1
24;108;1
24;129;1
24;361;1
24;127;1
24;81;1
24;672;1
24;673;1
24;30;1
24;342;1
24;41;1
24;674;1
24;675;1
24;676;1
24;677;1
24;97;1
24;300;1
24;149;1
24;14;1
24;678;1
24;128;1
24;679;1
24;210;1
24;276;1
24;100;1
24;201;1
24;680;1
24;114;1
24;341;1
24;483;1
24;524;1
24;681;1
24;263;1
24;315;1
24;507;1
24;16;1
25;154;24
25;6;22
25;472;13
25;220;8
25;128;8
25;75;8
25;18;6
25;11;4
25;2;4
25;327;4
25;171;3
25;682;3
25;254;3
25;683;2
25;602;2
25;92;2
25;5;2
25;684;2
25;341;2
25;99;2
25;265;2
25;685;2
25;686;2
25;246;2
25;310;2
25;236;1
25;687;1
25;186;1
25;34;1
25;138;1
25;406;1
25;688;1
25;689;1
25;690;1
25;223;1
25;691;1
25;692;1
25;352;1
25;224;1
25;145;1
25;50;1
25;96;1
25;670;1
25;212;1
25;1;1
25;249;1
25;233;1
25;693;1
25;49;1
25;262;1
25;61;1
25;651;1
25;39;1
25;14;1
25;129;1
25;13;1
25;318;1
25;73;1
25;112;1
25;173;1
25;132;1
25;143;1
25;100;1
25;66;1
25;694;1
25;639;1
25;278;1
25;25;1
25;107;1
25;695;1
25;696;1
25;471;1
25;110;1
25;109;1
25;33;1
26;697;43
26;212;37
26;11;11
26;284;7
26;71;5
26;352;4
26;9;4
26;171;4
26;1;4
26;698;3
26;138;3
26;20;3
26;39;3
26;699;3
26;21;3
26;132;3
26;6;2
26;29;2
26;162;2
26;700;2
26;84;2
26;267;1
26;5;1
26;54;1
26;295;1
26;173;1
26;57;1
26;701;1
26;289;1
26;77;1
26;702;1
26;489;1
26;369;1
26;40;1
26;282;1
27;1;11
27;2;10
27;32;9
27;5;9
27;19;8
27;130;8
27;66;7
27;138;6
27;339;6
27;23;6
27;14;6
27;61;5
27;9;5
27;100;5
27;55;5
27;64;5
27;6;5
27;75;5
27;37;4
27;12;4
27;317;4
27;77;4
27;483;4
27;123;4
27;8;4
27;373;4
27;247;4
27;703;4
27;89;3
27;107;3
27;70;3
27;296;3
27;491;3
27;168;3
27;171;3
27;20;3
27;220;3
27;46;3
27;295;3
27;466;3
27;34;3
27;267;3
27;154;3
27;212;3
27;140;3
27;87;3
27;704;3
27;76;3
27;84;2
27;705;2
27;92;2
27;88;2
27;321;2
27;706;2
27;162;2
27;52;2
27;246;2
27;279;2
27;229;2
27;707;2
27;666;2
27;708;2
27;17;2
27;91;2
27;327;2
27;239;2
27;479;2
27;709;2
27;143;2
27;47;2
27;15;2
27;110;2
27;287;2
27;351;1
27;120;1
27;68;1
27;710;1
27;357;1
27;31;1
27;74;1
27;90;1
27;400;1
27;4;1
27;155;1
27;28;1
27;207;1
27;653;1
27;363;1
27;301;1
27;711;1
27;158;1
27;280;1
27;320;1
27;712;1
27;270;1
27;65;1
27;269;1
27;208;1
27;99;1
27;263;1
27;29;1
27;40;1
27;18;1
27;149;1
27;240;1
27;277;1
27;303;1
27;11;1
27;54;1
27;673;1
27;713;1
27;714;1
27;662;1
27;72;1
27;133;1
27;715;1
27;716;1
27;50;1
27;255;1
27;21;1
27;717;1
27;236;1
27;25;1
27;607;1
27;718;1
27;145;1
27;316;1
27;352;1
27;719;1
27;720;1
27;82;1
27;369;1
27;328;1
27;489;1
28;11;45
28;6;32
28;93;27
28;33;26
28;1;26
28;31;23
28;2;20
28;200;16
28;61;13
28;168;10
28;20;7
28;217;7
28;5;7
28;8;6
28;92;6
28;35;6
28;143;5
28;39;5
28;17;5
28;75;5
28;137;4
28;32;4
28;71;4
28;10;4
28;106;4
28;238;4
28;30;4
28;90;4
28;21;3
28;140;3
28;44;3
28;721;3
28;102;3
28;253;3
28;485;3
28;46;2
28;40;2
28;228;2
28;15;2
28;209;2
28;722;2
28;207;2
28;723;2
28;569;2
28;58;2
28;295;2
28;51;2
28;158;2
28;57;2
28;355;2
28;709;2
28;161;2
28;77;1
28;18;1
28;419;1
28;724;1
28;186;1
28;220;1
28;705;1
28;277;1
28;725;1
28;113;1
28;73;1
28;690;1
28;69;1
28;7;1
28;74;1
28;156;1
28;89;1
28;726;1
28;648;1
28;367;1
28;29;1
28;47;1
28;727;1
28;311;1
28;138;1
28;352;1
28;599;1
28;728;1
28;231;1
28;729;1
28;114;1
28;375;1
28;263;1
28;523;1
28;730;1
28;274;1
28;134;1
28;712;1
28;12;1
28;132;1
28;731;1
28;732;1
28;236;1
28;9;1
28;87;1
28;43;1
29;39;44
29;11;40
29;93;28
29;140;24
29;5;22
29;31;18
29;238;15
29;1;14
29;6;13
29;198;12
29;23;11
29;143;10
29;733;10
29;139;9
29;32;8
29;7;7
29;15;7
29;20;7
29;29;7
29;320;7
29;61;7
29;30;6
29;311;6
29;33;6
29;92;6
29;9;5
29;223;5
29;90;5
29;10;4
29;220;4
29;163;4
29;42;4
29;24;4
29;137;4
29;54;4
29;734;4
29;69;4
29;138;4
29;2;3
29;162;3
29;43;3
29;16;3
29;666;3
29;569;3
29;17;3
29;74;3
29;171;2
29;186;2
29;648;2
29;64;2
29;38;2
29;26;2
29;690;2
29;593;2
29;134;2
29;149;2
29;102;2
29;41;2
29;82;2
29;231;2
29;287;2
29;226;1
29;292;1
29;273;1
29;25;1
29;40;1
29;51;1
29;214;1
29;487;1
29;103;1
29;217;1
29;705;1
29;207;1
29;148;1
29;112;1
29;735;1
29;201;1
29;736;1
29;513;1
29;77;1
29;315;1
29;737;1
29;425;1
29;264;1
29;233;1
29;236;1
29;263;1
29;84;1
29;229;1
29;484;1
29;85;1
29;254;1
29;161;1
29;125;1
29;243;1
29;208;1
29;83;1
29;141;1
29;277;1
29;72;1
29;323;1
29;224;1
29;27;1
29;491;1
29;308;1
29;37;1
29;651;1
29;35;1
29;68;1
29;133;1
29;210;1
29;66;1
30;1;26
30;61;16
30;6;16
30;24;12
30;11;11
30;34;10
30;5;9
30;32;8
30;138;7
30;140;7
30;15;6
30;246;6
30;254;6
30;41;6
30;7;5
30;35;4
30;171;4
30;279;4
30;92;4
30;19;4
30;238;4
30;18;3
30;308;3
30;57;3
30;501;3
30;21;3
30;248;3
30;64;3
30;220;3
30;42;3
30;14;3
30;311;3
30;2;2
30;362;2
30;84;2
30;134;2
30;26;2
30;223;2
30;122;2
30;108;2
30;287;2
30;738;2
30;66;2
30;202;2
30;143;2
30;406;2
30;342;2
30;12;2
30;112;2
30;30;2
30;93;2
30;173;2
30;77;2
30;3;2
30;55;2
30;162;2
30;13;2
30;31;2
30;247;1
30;255;1
30;9;1
30;144;1
30;340;1
30;262;1
30;739;1
30;88;1
30;240;1
30;259;1
30;119;1
30;737;1
30;740;1
30;741;1
30;462;1
30;683;1
30;694;1
30;245;1
30;742;1
30;229;1
30;109;1
30;94;1
30;743;1
30;243;1
30;497;1
30;81;1
30;744;1
30;39;1
30;101;1
30;745;1
30;270;1
30;507;1
30;746;1
30;82;1
30;425;1
30;215;1
30;659;1
30;232;1
30;87;1
30;346;1
30;209;1
30;747;1
30;142;1
30;102;1
30;22;1
30;341;1
30;361;1
30;133;1
30;263;1
30;8;1
30;748;1
30;749;1
30;28;1
30;130;1
30;145;1
30;470;1
30;236;1
30;207;1
30;327;1
30;489;1
30;154;1
30;197;1
30;90;1
30;135;1
30;750;1
30;321;1
30;751;1
30;25;1
30;487;1
30;510;1
30;752;1
30;65;1
30;523;1
30;125;1
30;329;1
30;212;1
30;156;1
30;72;1
31;1;20
31;20;12
31;8;9
31;29;8
31;143;7
31;31;7
31;24;6
31;2;5
31;61;5
31;308;5
31;90;5
31;11;5
31;171;4
31;57;4
31;35;4
31;93;4
31;17;3
31;70;3
31;92;3
31;91;3
31;123;3
31;103;3
31;14;3
31;6;3
31;5;3
31;19;3
31;18;3
31;85;3
31;58;3
31;137;3
31;40;2
31;253;2
31;33;2
31;26;2
31;214;2
31;348;2
31;108;2
31;74;2
31;25;2
31;100;2
31;138;2
31;130;2
31;320;2
31;30;2
31;269;2
31;168;2
31;12;2
31;717;2
31;77;2
31;34;2
31;64;2
31;65;2
31;54;2
31;221;1
31;;
31;29;1
31;739;1
31;42;1
31;209;1
31;284;1
31;730;1
31;220;1
31;96;1
31;28;1
31;39;1
31;483;1
31;104;1
31;32;1
31;272;1
31;173;1
31;249;1
31;344;1
31;352;1
31;142;1
31;52;1
31;753;1
31;84;1
31;674;1
31;162;1
31;13;1
31;347;1
31;754;1
31;60;1
31;497;1
31;66;1
31;496;1
31;36;1
31;167;1
31;254;1
31;258;1
31;9;1
31;250;1
31;279;1
31;111;1
31;10;1
31;750;1
31;755;1
31;438;1
31;3;1
31;121;1
31;204;1
31;406;1
31;255;1
31;418;1
31;648;1
31;735;1
31;227;1
31;133;1
31;7;1
31;139;1
31;72;1
31;78;1
31;215;1
31;198;1
31;358;1
31;489;1
31;75;1
32;18;12
32;1;11
32;6;8
32;129;7
32;2;7
32;248;6
32;296;6
32;756;6
32;212;6
32;100;5
32;138;5
32;373;4
32;220;4
32;75;4
32;40;3
32;198;3
32;340;3
32;263;3
32;140;3
32;143;3
32;93;3
32;236;3
32;695;3
32;20;3
32;288;3
32;133;3
32;202;2
32;252;2
32;34;2
32;168;2
32;757;2
32;243;2
32;29;2
32;58;2
32;10;2
32;66;2
32;201;2
32;315;2
32;662;2
32;758;2
32;5;2
32;39;2
32;247;2
32;52;2
32;41;2
32;84;2
32;128;2
32;759;2
32;171;2
32;19;1
32;112;1
32;31;1
32;223;1
32;207;1
32;192;1
32;155;1
32;760;1
32;70;1
32;239;1
32;90;1
32;72;1
32;61;1
32;162;1
32;346;1
32;761;1
32;690;1
32;689;1
32;762;1
32;57;1
32;173;1
32;327;1
32;763;1
32;157;1
32;446;1
32;310;1
32;3;1
32;130;1
32;425;1
32;209;1
32;764;1
32;269;1
32;352;1
32;46;1
32;651;1
32;107;1
32;145;1
32;610;1
32;320;1
32;484;1
32;486;1
32;254;1
32;712;1
32;197;1
32;504;1
32;50;1
32;367;1
32;92;1
32;99;1
32;270;1
32;54;1
32;765;1
32;351;1
32;766;1
32;32;1
32;600;1
32;337;1
32;229;1
33;154;22
33;1;19
33;173;15
33;28;15
33;6;14
33;14;12
33;10;12
33;162;12
33;18;8
33;695;8
33;77;6
33;228;5
33;19;5
33;29;5
33;24;5
33;57;4
33;7;4
33;9;4
33;438;3
33;249;3
33;33;3
33;20;3
33;129;3
33;767;3
33;140;3
33;34;3
33;92;3
33;;
33;14;3
33;25;2
33;8;2
33;483;2
33;89;2
33;189;2
33;145;2
33;15;2
33;48;2
33;61;2
33;11;2
33;111;2
33;85;2
33;112;1
33;108;1
33;101;1
33;690;1
33;169;1
33;264;1
33;52;1
33;765;1
33;477;1
33;2;1
33;759;1
33;80;1
33;12;1
33;656;1
33;21;1
33;68;1
33;201;1
33;130;1
33;418;1
33;40;1
33;520;1
33;341;1
33;229;1
33;88;1
33;473;1
33;137;1
33;16;1
33;265;1
33;317;1
33;17;1
33;87;1
33;73;1
33;41;1
33;49;1
33;202;1
33;214;1
33;486;1
33;768;1
33;116;1
33;684;1
33;32;1
33;144;1
33;122;1
33;362;1
33;207;1
33;98;1
33;46;1
33;123;1
33;425;1
33;37;1
33;27;1
33;55;1
34;186;64
34;138;42
34;20;27
34;6;24
34;220;10
34;769;9
34;168;7
34;5;6
34;728;5
34;29;4
34;292;4
34;61;4
34;11;4
34;62;4
34;37;4
34;8;3
34;64;3
34;32;3
34;145;3
34;183;3
34;311;2
34;569;2
34;770;2
34;207;2
34;318;2
34;92;2
34;226;1
34;291;1
34;223;1
34;82;1
34;155;1
34;143;1
34;57;1
34;515;1
34;9;1
34;651;1
34;102;1
34;229;1
34;24;1
34;205;1
34;348;1
34;771;1
34;511;1
34;96;1
34;772;1
34;1;1
34;497;1
34;163;1
34;103;1
34;204;1
34;26;1
34;208;1
34;246;1
34;77;1
34;167;1
34;242;1
35;34;143
35;20;60
35;205;1
35;124;1
35;108;1
36;171;22
36;168;18
36;29;17
36;352;15
36;34;12
36;220;11
36;1;11
36;71;10
36;108;10
36;19;9
36;143;8
36;20;8
36;5;8
36;61;7
36;316;7
36;18;6
36;11;6
36;133;6
36;85;6
36;101;6
36;47;5
36;57;5
36;6;5
36;138;5
36;362;5
36;10;4
36;21;4
36;112;4
36;9;4
36;41;4
36;212;4
36;703;4
36;32;4
36;207;4
36;96;3
36;84;3
36;122;3
36;40;3
36;346;3
36;229;3
36;72;3
36;271;3
36;773;2
36;751;2
36;718;2
36;264;2
36;106;2
36;92;2
36;113;2
36;39;2
36;8;2
36;317;2
36;97;2
36;163;2
36;102;2
36;64;2
36;;
36;29;2
36;132;2
36;350;2
36;774;1
36;137;1
36;134;1
36;197;1
36;107;1
36;327;1
36;348;1
36;666;1
36;340;1
36;344;1
36;73;1
36;279;1
36;700;1
36;17;1
36;70;1
36;322;1
36;173;1
36;704;1
36;722;1
36;653;1
36;491;1
36;15;1
36;46;1
36;111;1
36;88;1
36;155;1
36;717;1
36;238;1
36;761;1
36;219;1
36;26;1
36;735;1
36;321;1
36;325;1
36;37;1
36;152;1
36;758;1
36;467;1
36;419;1
36;255;1
36;257;1
36;221;1
36;109;1
36;44;1
37;173;111
37;162;23
37;211;17
37;474;12
37;9;7
37;10;6
37;130;5
37;11;4
37;21;3
37;468;3
37;20;3
37;270;3
37;316;2
37;100;2
37;112;2
37;17;1
37;71;1
37;57;1
37;108;1
37;467;1
37;96;1
37;226;1
37;29;1
37;283;1
37;171;1
37;352;1
37;295;1
37;19;1
38;171;29
38;220;28
38;315;21
38;5;15
38;96;14
38;57;14
38;6;12
38;130;12
38;419;11
38;477;11
38;66;9
38;22;8
38;61;7
38;21;7
38;719;6
38;17;5
38;1;4
38;274;4
38;344;4
38;775;4
38;267;3
38;259;3
38;321;2
38;776;2
38;186;2
38;8;2
38;340;2
38;777;2
38;89;1
38;778;1
38;19;1
38;34;1
38;263;1
38;71;1
38;223;1
38;210;1
38;339;1
38;10;1
38;92;1
38;327;1
38;289;1
38;168;1
38;46;1
38;284;1
39;133;24
39;2;18
39;61;16
39;85;14
39;;
39;29;13
39;1;12
39;24;9
39;220;8
39;21;8
39;29;7
39;779;7
39;18;6
39;267;5
39;34;5
39;10;5
39;9;5
39;148;4
39;84;4
39;44;4
39;154;4
39;171;4
39;406;4
39;76;4
39;28;3
39;130;3
39;87;3
39;8;3
39;46;3
39;111;3
39;344;3
39;229;3
39;132;3
39;19;3
39;77;3
39;278;3
39;670;3
39;22;2
39;339;2
39;48;2
39;155;2
39;12;2
39;5;2
39;340;2
39;6;2
39;346;2
39;748;2
39;107;2
39;20;2
39;780;2
39;232;2
39;699;2
39;143;2
39;310;2
39;125;2
39;100;2
39;96;2
39;661;2
39;751;2
39;781;2
39;137;2
39;317;2
39;70;1
39;320;1
39;157;1
39;128;1
39;489;1
39;366;1
39;271;1
39;90;1
39;134;1
39;51;1
39;402;1
39;782;1
39;217;1
39;369;1
39;773;1
39;783;1
39;7;1
39;31;1
39;140;1
39;263;1
39;209;1
39;97;1
39;49;1
39;17;1
39;718;1
39;240;1
39;784;1
39;249;1
39;725;1
39;123;1
39;785;1
39;144;1
39;81;1
39;121;1
39;219;1
39;786;1
39;355;1
39;329;1
39;710;1
39;272;1
39;50;1
39;787;1
39;788;1
39;25;1
39;14;1
39;488;1
39;83;1
39;691;1
39;745;1
39;789;1
39;37;1
39;611;1
39;790;1
39;750;1
39;129;1
39;40;1
39;400;1
39;237;1
39;747;1
39;791;1
39;446;1
39;146;1
39;269;1
39;26;1
39;30;1
39;43;1
39;695;1
39;131;1
39;792;1
39;161;1
39;302;1
39;246;1
40;1;60
40;24;27
40;44;13
40;6;13
40;34;12
40;3;8
40;10;7
40;20;6
40;18;6
40;5;5
40;80;5
40;19;5
40;276;5
40;35;5
40;63;5
40;155;4
40;77;4
40;40;4
40;99;4
40;9;4
40;208;4
40;162;3
40;15;3
40;7;3
40;14;3
40;765;3
40;163;2
40;127;2
40;206;2
40;793;2
40;794;2
40;69;2
40;693;2
40;27;2
40;17;2
40;32;2
40;143;2
40;223;2
40;92;2
40;57;2
40;212;2
40;243;2
40;263;2
40;148;2
40;341;2
40;679;2
40;145;2
40;13;1
40;236;1
40;68;1
40;126;1
40;56;1
40;58;1
40;695;1
40;205;1
40;494;1
40;218;1
40;29;1
40;220;1
40;118;1
40;70;1
40;780;1
40;209;1
40;28;1
40;669;1
40;11;1
40;;
40;795;1
40;762;1
40;672;1
40;110;1
40;197;1
40;2;1
40;46;1
40;294;1
40;473;1
40;62;1
40;59;1
40;267;1
40;210;1
40;235;1
40;283;1
40;45;1
40;228;1
40;265;1
40;508;1
40;367;1
40;130;1
40;144;1
40;287;1
40;446;1
40;796;1
40;797;1
40;248;1
40;33;1
40;112;1
41;171;80
41;20;66
41;10;14
41;17;13
41;699;10
41;40;9
41;220;9
41;753;7
41;132;5
41;169;4
41;168;4
41;155;4
41;103;3
41;1;1
41;28;1
41;108;1
41;228;1
41;71;1
41;24;1
41;167;1
41;507;1
41;697;1
42;220;29
42;34;28
42;73;18
42;337;15
42;100;12
42;269;12
42;168;10
42;20;9
42;78;9
42;212;8
42;270;7
42;138;6
42;327;5
42;167;5
42;756;5
42;228;4
42;96;4
42;321;4
42;40;4
42;32;4
42;171;4
42;468;3
42;674;3
42;134;3
42;24;3
42;107;2
42;46;2
42;42;2
42;798;2
42;50;2
42;442;2
42;10;2
42;799;2
42;305;1
42;300;1
42;800;1
42;362;1
42;343;1
42;41;1
42;157;1
42;82;1
42;788;1
42;254;1
42;348;1
42;113;1
42;17;1
42;790;1
42;103;1
42;307;1
42;280;1
42;18;1
42;315;1
42;38;1
42;341;1
42;95;1
42;342;1
42;406;1
42;466;1
42;66;1
42;719;1
42;331;1
42;263;1
42;697;1
42;801;1
42;57;1
42;802;1
42;498;1
42;28;1
42;349;1
42;205;1
42;803;1
42;189;1
42;367;1
43;6;33
43;1;21
43;18;18
43;2;12
43;263;11
43;44;10
43;9;10
43;5;9
43;14;9
43;138;7
43;24;7
43;10;7
43;19;6
43;34;6
43;17;6
43;40;6
43;278;6
43;7;5
43;674;5
43;171;5
43;32;5
43;15;5
43;128;5
43;200;5
43;220;5
43;99;5
43;502;5
43;626;5
43;33;5
43;226;4
43;145;4
43;272;4
43;236;4
43;125;4
43;264;4
43;780;3
43;248;3
43;804;3
43;21;3
43;173;3
43;88;3
43;243;3
43;287;3
43;93;3
43;310;3
43;140;3
43;71;3
43;327;3
43;38;3
43;186;3
43;207;3
43;113;3
43;805;3
43;799;3
43;341;3
43;321;2
43;162;2
43;154;2
43;42;2
43;43;2
43;137;2
43;208;2
43;454;2
43;11;2
43;90;2
43;61;2
43;41;2
43;102;2
43;57;2
43;122;2
43;209;2
43;693;2
43;77;2
43;20;2
43;305;2
43;68;2
43;51;2
43;35;2
43;29;2
43;143;2
43;501;2
43;129;2
43;793;2
43;418;2
43;250;2
43;767;2
43;13;2
43;55;2
43;;
43;14;2
43;223;2
43;806;2
43;728;2
43;670;2
43;750;2
43;31;2
43;105;2
43;100;2
43;112;1
43;92;1
43;64;1
43;757;1
43;204;1
43;124;1
43;228;1
43;684;1
43;807;1
43;134;1
43;406;1
43;74;1
43;258;1
43;808;1
43;809;1
43;466;1
43;373;1
43;315;1
43;227;1
43;130;1
43;340;1
43;270;1
43;487;1
43;300;1
43;810;1
43;46;1
43;266;1
43;52;1
43;446;1
43;3;1
43;23;1
43;265;1
43;45;1
43;367;1
43;283;1
43;27;1
43;72;1
43;39;1
43;489;1
43;811;1
43;812;1
43;523;1
43;107;1
43;344;1
43;202;1
43;157;1
43;292;1
43;28;1
43;669;1
43;516;1
43;813;1
43;691;1
43;787;1
43;246;1
43;730;1
43;8;1
43;156;1
43;229;1
43;618;1
43;75;1
43;279;1
43;470;1
43;694;1
43;30;1
43;254;1
44;1;44
44;9;25
44;162;19
44;6;16
44;212;13
44;173;12
44;19;11
44;40;11
44;84;11
44;107;9
44;77;9
44;35;8
44;34;8
44;18;8
44;88;8
44;814;8
44;130;8
44;108;8
44;144;8
44;29;7
44;2;6
44;483;6
44;44;6
44;14;6
44;362;6
44;11;5
44;68;5
44;200;5
44;15;5
44;229;5
44;4;4
44;5;4
44;765;4
44;57;4
44;20;4
44;63;4
44;55;4
44;100;4
44;3;4
44;87;4
44;486;3
44;346;3
44;154;3
44;10;3
44;7;3
44;85;3
44;263;3
44;245;2
44;119;2
44;140;2
44;491;2
44;32;2
44;61;2
44;208;2
44;209;2
44;317;2
44;306;2
44;269;2
44;259;2
44;49;2
44;270;2
44;43;1
44;368;1
44;513;1
44;244;1
44;197;1
44;406;1
44;149;1
44;99;1
44;495;1
44;254;1
44;503;1
44;367;1
44;27;1
44;138;1
44;163;1
44;300;1
44;679;1
44;471;1
44;815;1
44;754;1
44;21;1
44;129;1
44;;
44;12;1
44;354;1
44;351;1
44;28;1
44;127;1
44;369;1
44;132;1
44;767;1
44;58;1
44;75;1
44;92;1
44;147;1
44;816;1
44;236;1
44;111;1
44;223;1
44;33;1
44;104;1
44;93;1
44;31;1
44;16;1
44;17;1
44;39;1
44;230;1
44;246;1
44;337;1
44;817;1
44;12;1
44;267;1
44;818;1
44;400;1
44;102;1
44;64;1
44;489;1
44;155;1
44;48;1
44;24;1
44;133;1
44;280;1
44;819;1
44;712;1
44;820;1
44;46;1
44;156;1
44;125;1
44;41;1
44;51;1
44;473;1
44;76;1
44;404;1
44;121;1
44;316;1
44;221;1
44;258;1
44;467;1
44;283;1
44;695;1
45;9;17
45;24;14
45;1;13
45;34;12
45;92;9
45;77;9
45;143;9
45;220;8
45;184;8
45;29;7
45;20;7
45;189;5
45;40;5
45;46;5
45;103;5
45;41;5
45;31;4
45;87;4
45;163;4
45;111;3
45;169;3
45;10;3
45;19;3
45;36;3
45;107;3
45;96;3
45;523;3
45;255;3
45;239;3
45;2;2
45;276;2
45;155;2
45;171;2
45;302;2
45;57;2
45;183;2
45;28;2
45;528;2
45;112;2
45;204;2
45;821;2
45;219;2
45;50;2
45;138;2
45;318;1
45;205;1
45;60;1
45;304;1
45;161;1
45;822;1
45;102;1
45;33;1
45;108;1
45;53;1
45;823;1
45;162;1
45;37;1
45;454;1
45;244;1
45;311;1
45;228;1
45;110;1
45;128;1
45;168;1
45;498;1
45;157;1
45;358;1
45;51;1
45;137;1
45;252;1
45;64;1
45;246;1
45;173;1
45;104;1
45;133;1
45;316;1
45;202;1
45;229;1
45;468;1
45;159;1
45;93;1
45;22;1
45;488;1
45;647;1
45;347;1
45;824;1
45;14;1
45;12;1
45;17;1
45;783;1
45;348;1
45;42;1
45;342;1
45;7;1
45;68;1
46;1;34
46;2;32
46;19;23
46;9;21
46;61;20
46;6;20
46;39;14
46;145;13
46;11;11
46;18;11
46;5;10
46;92;9
46;64;8
46;93;8
46;15;7
46;270;7
46;90;7
46;32;7
46;75;6
46;12;6
46;10;5
46;69;5
46;82;5
46;34;5
46;87;5
46;495;4
46;17;4
46;104;4
46;140;4
46;68;4
46;294;4
46;85;4
46;88;4
46;137;4
46;367;4
46;43;3
46;516;3
46;523;3
46;107;3
46;362;3
46;220;3
46;29;3
46;71;3
46;158;3
46;667;3
46;100;3
46;123;3
46;143;3
46;25;2
46;483;2
46;695;2
46;323;2
46;690;2
46;318;2
46;352;2
46;3;2
46;54;2
46;370;2
46;757;2
46;44;2
46;112;2
46;223;2
46;7;2
46;132;2
46;46;2
46;8;2
46;258;2
46;639;2
46;825;2
46;186;2
46;168;2
46;57;2
46;254;2
46;320;2
46;23;2
46;183;2
46;154;2
46;242;2
46;317;2
46;217;2
46;83;2
46;229;2
46;127;2
46;102;2
46;265;2
46;296;2
46;52;2
46;198;2
46;343;1
46;271;1
46;20;1
46;99;1
46;293;1
46;141;1
46;826;1
46;827;1
46;248;1
46;828;1
46;66;1
46;328;1
46;125;1
46;659;1
46;829;1
46;146;1
46;84;1
46;279;1
46;225;1
46;122;1
46;41;1
46;130;1
46;830;1
46;33;1
46;794;1
46;756;1
46;78;1
46;31;1
46;302;1
46;308;1
46;295;1
46;513;1
46;42;1
46;831;1
46;173;1
46;38;1
46;619;1
46;487;1
46;138;1
46;156;1
46;246;1
46;267;1
46;162;1
46;110;1
46;832;1
46;16;1
46;49;1
46;197;1
46;658;1
46;77;1
46;685;1
46;208;1
46;13;1
46;215;1
46;438;1
46;227;1
46;284;1
46;814;1
46;81;1
46;602;1
46;528;1
46;425;1
46;14;1
46;128;1
46;298;1
46;833;1
46;749;1
46;375;1
46;524;1
46;334;1
47;125;20
47;328;15
47;29;12
47;76;11
47;1;10
47;9;9
47;77;8
47;11;7
47;100;6
47;19;6
47;162;6
47;173;5
47;10;5
47;71;4
47;220;4
47;66;4
47;474;4
47;2;4
47;516;4
47;256;3
47;229;3
47;14;3
47;367;3
47;270;3
47;57;3
47;369;3
47;15;3
47;6;3
47;34;3
47;473;3
47;352;3
47;346;2
47;54;2
47;111;2
47;309;2
47;70;2
47;32;2
47;475;2
47;12;2
47;49;2
47;3;2
47;300;2
47;283;2
47;84;2
47;130;2
47;228;2
47;683;2
47;104;1
47;266;1
47;75;1
47;140;1
47;91;1
47;834;1
47;289;1
47;484;1
47;151;1
47;85;1
47;155;1
47;;
47;835;1
47;108;1
47;836;1
47;107;1
47;5;1
47;113;1
47;35;1
47;145;1
47;39;1
47;168;1
47;712;1
47;171;1
47;837;1
47;838;1
47;362;1
47;495;1
47;18;1
47;47;1
47;26;1
47;20;1
47;17;1
47;95;1
47;249;1
47;610;1
47;13;1
47;357;1
47;489;1
47;33;1
47;321;1
47;156;1
47;317;1
47;;
47;654;1
47;269;1
47;138;1
47;720;1
47;400;1
47;839;1
47;28;1
47;212;1
47;486;1
47;343;1
47;725;1
48;1;83
48;6;38
48;155;24
48;20;24
48;41;19
48;34;15
48;295;14
48;40;13
48;85;12
48;240;11
48;10;10
48;263;9
48;367;9
48;9;8
48;19;8
48;61;6
48;50;6
48;353;5
48;29;5
48;163;5
48;296;5
48;318;5
48;64;4
48;277;4
48;17;4
48;26;4
48;315;4
48;92;4
48;138;3
48;39;3
48;123;3
48;143;3
48;32;3
48;57;3
48;36;3
48;197;3
48;2;3
48;167;2
48;24;2
48;107;2
48;320;2
48;189;2
48;840;2
48;366;2
48;145;2
48;89;2
48;212;2
48;108;2
48;267;2
48;12;2
48;;
48;29;1
48;171;1
48;351;1
48;175;1
48;133;1
48;841;1
48;28;1
48;207;1
48;223;1
48;276;1
48;93;1
48;15;1
48;340;1
48;657;1
48;140;1
48;22;1
48;272;1
48;157;1
48;11;1
49;1;64
49;24;39
49;3;24
49;32;19
49;35;14
49;2;13
49;6;13
49;57;8
49;7;8
49;77;8
49;5;8
49;92;8
49;9;6
49;11;6
49;8;6
49;137;6
49;83;6
49;14;6
49;15;6
49;45;5
49;68;5
49;61;5
49;287;4
49;64;4
49;144;4
49;107;4
49;89;4
49;31;4
49;138;4
49;204;4
49;23;4
49;55;4
49;26;4
49;148;4
49;70;4
49;28;4
49;52;3
49;308;3
49;728;3
49;58;3
49;105;3
49;;
49;14;3
49;122;3
49;39;3
49;517;3
49;19;3
49;18;3
49;80;2
49;59;2
49;42;2
49;223;2
49;162;2
49;85;2
49;311;2
49;473;2
49;120;2
49;33;2
49;200;2
49;25;2
49;842;2
49;355;2
49;207;2
49;168;2
49;20;2
49;71;2
49;418;2
49;300;2
49;327;2
49;171;2
49;267;2
49;29;2
49;82;2
49;90;2
49;206;1
49;104;1
49;93;1
49;17;1
49;150;1
49;56;1
49;264;1
49;224;1
49;123;1
49;13;1
49;10;1
49;446;1
49;84;1
49;236;1
49;16;1
49;524;1
49;843;1
49;12;1
49;73;1
49;48;1
49;49;1
49;113;1
49;34;1
49;;
49;654;1
49;454;1
49;276;1
49;146;1
49;270;1
49;515;1
49;37;1
49;663;1
49;363;1
49;229;1
49;43;1
49;149;1
49;133;1
49;487;1
49;212;1
49;757;1
49;60;1
49;112;1
49;173;1
49;51;1
49;844;1
49;145;1
49;690;1
49;271;1
49;320;1
49;102;1
49;140;1
50;8;25
50;61;25
50;11;24
50;1;23
50;138;21
50;6;21
50;200;18
50;29;16
50;143;16
50;20;16
50;92;14
50;2;8
50;140;8
50;367;7
50;5;6
50;186;6
50;37;6
50;425;5
50;204;5
50;32;4
50;40;4
50;137;4
50;39;3
50;24;3
50;77;2
50;9;2
50;739;2
50;223;2
50;145;2
50;57;2
50;113;2
50;228;2
50;198;2
50;132;2
50;171;2
50;375;1
50;72;1
50;64;1
50;845;1
50;770;1
50;90;1
50;42;1
50;168;1
50;30;1
50;91;1
50;;
50;29;1
50;348;1
50;677;1
50;31;1
50;206;1
50;638;1
51;1;35
51;6;15
51;19;12
51;64;9
51;24;9
51;20;7
51;220;7
51;32;7
51;162;6
51;2;5
51;18;5
51;8;5
51;29;4
51;229;4
51;155;4
51;10;4
51;143;4
51;311;4
51;138;4
51;38;4
51;327;4
51;9;4
51;57;4
51;77;3
51;39;3
51;34;3
51;41;3
51;822;3
51;502;3
51;228;3
51;33;3
51;267;3
51;145;3
51;88;3
51;3;3
51;287;3
51;5;3
51;123;3
51;11;3
51;93;3
51;61;3
51;189;2
51;295;2
51;186;2
51;54;2
51;846;2
51;87;2
51;485;2
51;100;2
51;847;2
51;42;2
51;122;2
51;133;2
51;361;2
51;368;2
51;70;2
51;848;2
51;21;2
51;799;2
51;171;2
51;669;2
51;800;2
51;794;2
51;40;2
51;22;2
51;315;2
51;103;2
51;321;2
51;85;2
51;204;2
51;367;2
51;104;2
51;28;2
51;47;2
51;163;2
51;168;2
51;263;2
51;254;2
51;246;2
51;26;2
51;748;1
51;107;1
51;340;1
51;173;1
51;90;1
51;318;1
51;125;1
51;849;1
51;491;1
51;144;1
51;333;1
51;94;1
51;46;1
51;306;1
51;206;1
51;;
51;14;1
51;91;1
51;12;1
51;339;1
51;50;1
51;682;1
51;803;1
51;51;1
51;362;1
51;270;1
51;269;1
51;223;1
51;850;1
51;482;1
51;198;1
51;60;1
51;666;1
51;58;1
51;132;1
51;672;1
51;30;1
51;600;1
51;280;1
51;219;1
51;120;1
51;59;1
51;351;1
51;56;1
51;757;1
51;516;1
51;851;1
51;272;1
51;230;1
51;294;1
51;48;1
51;14;1
51;52;1
51;15;1
51;140;1
51;;
51;29;1
51;7;1
51;569;1
51;715;1
51;212;1
51;92;1
51;852;1
51;483;1
51;43;1
51;17;1
51;455;1
52;34;78
52;155;52
52;6;36
52;1;27
52;24;25
52;32;24
52;138;23
52;145;16
52;10;13
52;133;12
52;367;12
52;9;11
52;229;11
52;168;10
52;35;10
52;20;10
52;85;9
52;64;9
52;368;8
52;853;6
52;72;6
52;315;6
52;171;5
52;347;5
52;96;4
52;41;4
52;42;4
52;279;4
52;331;4
52;88;4
52;91;3
52;107;3
52;225;3
52;5;3
52;296;3
52;70;3
52;25;3
52;140;2
52;15;2
52;46;2
52;19;2
52;231;2
52;21;2
52;362;2
52;11;2
52;228;2
52;263;2
52;369;2
52;100;2
52;112;2
52;62;2
52;17;2
52;78;2
52;346;2
52;156;1
52;141;1
52;317;1
52;77;1
52;354;1
52;327;1
52;33;1
52;122;1
52;276;1
52;149;1
52;55;1
52;108;1
52;769;1
52;186;1
52;61;1
52;318;1
52;311;1
52;198;1
52;653;1
52;73;1
52;519;1
52;257;1
52;854;1
52;123;1
52;239;1
52;209;1
52;607;1
52;736;1
52;220;1
52;125;1
52;7;1
52;488;1
52;144;1
52;316;1
52;719;1
52;27;1
52;147;1
52;245;1
52;254;1
52;51;1
52;18;1
52;134;1
52;351;1
52;29;1
52;111;1
52;272;1
52;771;1
52;511;1
52;855;1
52;651;1
52;236;1
52;638;1
52;212;1
52;4;1
53;1;55
53;77;20
53;14;14
53;173;13
53;20;12
53;765;12
53;211;10
53;;
53;14;8
53;;
53;654;7
53;9;7
53;679;4
53;18;4
53;71;4
53;10;4
53;132;3
53;57;3
53;5;3
53;40;3
53;6;3
53;266;3
53;85;3
53;301;3
53;254;3
53;88;2
53;300;2
53;289;2
53;206;2
53;767;2
53;66;2
53;100;2
53;19;1
53;369;1
53;138;1
53;264;1
53;44;1
53;2;1
53;474;1
53;26;1
53;162;1
53;106;1
53;;
53;856;1
53;249;1
53;93;1
53;37;1
53;22;1
53;265;1
53;126;1
53;17;1
53;128;1
53;24;1
53;133;1
53;8;1
54;32;28
54;46;28
54;34;23
54;146;20
54;9;19
54;15;18
54;6;15
54;491;15
54;171;14
54;138;14
54;651;13
54;602;12
54;1;10
54;231;10
54;19;9
54;90;8
54;2;6
54;368;6
54;212;6
54;5;5
54;781;5
54;220;4
54;21;4
54;145;3
54;305;3
54;100;3
54;55;3
54;133;3
54;857;3
54;20;3
54;304;3
54;123;2
54;858;2
54;10;2
54;44;2
54;236;2
54;487;2
54;18;2
54;11;2
54;60;1
54;102;1
54;751;1
54;859;1
54;13;1
54;111;1
54;98;1
54;30;1
54;264;1
54;238;1
54;96;1
54;189;1
54;219;1
54;157;1
54;57;1
54;276;1
54;614;1
54;74;1
54;825;1
54;327;1
54;406;1
54;140;1
54;355;1
54;107;1
54;712;1
54;33;1
54;759;1
54;129;1
54;239;1
54;134;1
54;41;1
54;325;1
54;326;1
54;755;1
55;220;24
55;5;17
55;6;15
55;138;14
55;168;11
55;18;9
55;32;9
55;2;9
55;689;8
55;96;7
55;1;7
55;141;6
55;35;5
55;264;5
55;516;4
55;311;4
55;100;4
55;60;4
55;70;3
55;11;3
55;690;3
55;246;3
55;25;3
55;89;3
55;66;3
55;619;3
55;9;3
55;8;3
55;161;3
55;278;3
55;212;3
55;171;2
55;674;2
55;93;2
55;709;2
55;860;2
55;315;2
55;267;2
55;19;2
55;861;2
55;754;2
55;406;2
55;279;2
55;154;2
55;29;2
55;238;2
55;145;2
55;92;2
55;277;2
55;261;2
55;112;1
55;130;1
55;68;1
55;373;1
55;341;1
55;496;1
55;626;1
55;272;1
55;718;1
55;252;1
55;269;1
55;766;1
55;742;1
55;470;1
55;90;1
55;34;1
55;781;1
55;61;1
55;368;1
55;127;1
55;500;1
55;95;1
55;250;1
55;223;1
55;87;1
55;832;1
55;27;1
55;369;1
55;17;1
55;73;1
55;499;1
55;113;1
55;39;1
55;84;1
55;497;1
55;82;1
55;204;1
55;862;1
55;140;1
55;292;1
55;21;1
55;137;1
55;134;1
55;670;1
55;712;1
55;507;1
55;738;1
55;148;1
55;405;1
55;271;1
55;43;1
55;198;1
55;75;1
55;819;1
55;129;1
55;639;1
55;336;1
55;695;1
55;102;1
55;76;1
56;162;57
56;29;43
56;17;32
56;145;28
56;10;25
56;61;25
56;5;24
56;822;17
56;1;10
56;20;9
56;173;8
56;24;8
56;77;7
56;32;6
56;229;6
56;220;6
56;163;6
56;367;5
56;21;5
56;296;4
56;212;4
56;44;4
56;138;4
56;35;4
56;64;4
56;7;4
56;763;3
56;719;2
56;19;2
56;66;2
56;788;2
56;418;2
56;228;2
56;340;2
56;149;2
56;476;2
56;6;2
56;702;2
56;261;2
56;218;2
56;369;1
56;143;1
56;204;1
56;92;1
56;304;1
56;326;1
56;321;1
56;34;1
56;26;1
56;298;1
56;227;1
56;135;1
56;863;1
56;129;1
56;864;1
56;254;1
56;71;1
56;721;1
56;117;1
56;208;1
56;230;1
56;279;1
56;327;1
56;485;1
56;339;1
56;87;1
56;146;1
57;17;27
57;1;20
57;59;16
57;18;14
57;14;14
57;34;14
57;39;14
57;20;14
57;6;10
57;9;10
57;77;10
57;162;10
57;128;9
57;24;8
57;31;8
57;10;8
57;40;8
57;21;7
57;19;7
57;64;6
57;246;6
57;154;5
57;57;5
57;292;5
57;7;4
57;103;4
57;93;4
57;92;4
57;46;4
57;87;4
57;55;4
57;41;4
57;169;4
57;32;4
57;70;3
57;69;3
57;143;3
57;311;3
57;35;3
57;54;3
57;400;3
57;349;3
57;355;3
57;125;3
57;111;3
57;168;3
57;730;2
57;134;2
57;342;2
57;11;2
57;28;2
57;83;2
57;220;2
57;25;2
57;489;2
57;29;2
57;317;2
57;800;2
57;683;2
57;865;2
57;866;2
57;138;2
57;78;2
57;206;2
57;45;2
57;88;2
57;254;2
57;68;2
57;37;2
57;80;2
57;735;1
57;132;1
57;104;1
57;340;1
57;82;1
57;321;1
57;52;1
57;267;1
57;347;1
57;33;1
57;327;1
57;171;1
57;2;1
57;207;1
57;354;1
57;119;1
57;212;1
57;198;1
57;357;1
57;85;1
57;240;1
57;867;1
57;279;1
57;485;1
57;509;1
57;113;1
57;406;1
57;163;1
57;366;1
57;173;1
57;126;1
57;153;1
57;412;1
57;264;1
57;4;1
57;868;1
57;319;1
57;848;1
57;3;1
57;869;1
57;145;1
57;227;1
57;149;1
57;139;1
57;13;1
57;26;1
57;870;1
57;95;1
57;66;1
57;871;1
57;477;1
57;249;1
57;361;1
57;512;1
57;100;1
57;328;1
57;129;1
57;318;1
57;303;1
57;124;1
57;22;1
57;112;1
57;86;1
57;74;1
57;438;1
57;297;1
57;872;1
57;155;1
57;192;1
57;12;1
57;123;1
57;38;1
57;152;1
57;600;1
57;873;1
57;874;1
58;171;34
58;220;29
58;21;25
58;1;21
58;140;16
58;6;12
58;11;11
58;138;8
58;168;7
58;267;6
58;5;5
58;223;5
58;32;5
58;84;5
58;219;5
58;71;5
58;9;4
58;344;4
58;29;4
58;19;4
58;28;4
58;756;3
58;101;3
58;2;3
58;777;3
58;875;3
58;697;3
58;143;3
58;24;3
58;34;3
58;46;3
58;274;2
58;315;2
58;82;2
58;66;2
58;96;2
58;357;2
58;162;2
58;212;2
58;341;2
58;92;2
58;15;2
58;89;2
58;277;2
58;352;1
58;876;1
58;295;1
58;90;1
58;491;1
58;33;1
58;771;1
58;511;1
58;512;1
58;339;1
58;22;1
58;113;1
58;57;1
58;10;1
58;61;1
58;186;1
58;137;1
58;167;1
58;316;1
58;25;1
58;8;1
58;112;1
58;327;1
58;877;1
58;7;1
58;85;1
58;878;1
58;123;1
58;607;1
59;11;47
59;29;24
59;69;19
59;35;10
59;20;9
59;6;9
59;198;9
59;92;9
59;51;8
59;33;8
59;668;8
59;13;7
59;39;6
59;7;6
59;31;6
59;103;6
59;10;6
59;183;6
59;9;5
59;204;5
59;311;5
59;55;5
59;61;4
59;32;4
59;19;4
59;292;4
59;425;4
59;214;3
59;18;3
59;155;3
59;143;3
59;1;3
59;523;3
59;3;2
59;2;2
59;186;2
59;140;2
59;879;2
59;799;2
59;207;2
59;90;2
59;158;2
59;52;2
59;348;2
59;34;2
59;8;2
59;138;2
59;279;1
59;141;1
59;5;1
59;102;1
59;123;1
59;515;1
59;730;1
59;46;1
59;229;1
59;44;1
59;76;1
59;134;1
59;223;1
59;70;1
59;665;1
59;485;1
59;17;1
59;308;1
59;65;1
59;71;1
59;84;1
59;54;1
59;24;1
59;248;1
59;238;1
59;507;1
59;880;1
59;851;1
59;126;1
59;297;1
59;239;1
59;220;1
59;342;1
59;312;1
59;240;1
59;60;1
59;253;1
59;402;1
59;25;1
59;168;1
60;35;38
60;34;18
60;1;12
60;269;12
60;212;11
60;9;11
60;300;11
60;5;10
60;11;9
60;77;8
60;155;8
60;18;8
60;32;7
60;84;7
60;107;6
60;44;6
60;171;6
60;90;6
60;162;5
60;24;5
60;10;5
60;362;5
60;57;5
60;650;5
60;29;5
60;238;5
60;46;5
60;143;4
60;100;4
60;168;4
60;270;4
60;108;4
60;6;3
60;92;3
60;145;3
60;54;3
60;240;3
60;481;3
60;140;3
60;220;3
60;88;3
60;58;3
60;321;3
60;93;2
60;31;2
60;14;2
60;316;2
60;20;2
60;263;2
60;28;2
60;207;2
60;352;2
60;39;2
60;27;2
60;242;2
60;881;2
60;317;2
60;647;2
60;173;2
60;793;2
60;66;2
60;349;2
60;52;1
60;346;1
60;129;1
60;158;1
60;328;1
60;72;1
60;656;1
60;113;1
60;340;1
60;400;1
60;104;1
60;123;1
60;648;1
60;267;1
60;139;1
60;497;1
60;138;1
60;91;1
60;333;1
60;133;1
60;475;1
60;157;1
60;254;1
60;73;1
60;861;1
60;183;1
60;802;1
60;8;1
60;507;1
60;103;1
60;344;1
60;442;1
60;161;1
60;295;1
60;25;1
60;226;1
60;7;1
60;339;1
60;;
60;14;1
60;61;1
60;82;1
60;875;1
60;41;1
60;96;1
60;882;1
60;69;1
60;883;1
60;45;1
60;121;1
60;674;1
60;94;1
60;229;1
60;33;1
60;3;1
60;71;1
60;306;1
60;17;1
60;134;1
60;19;1
60;64;1
60;369;1
60;245;1
60;2;1
60;132;1
61;42;23
61;173;22
61;34;19
61;162;12
61;77;11
61;70;10
61;24;9
61;155;9
61;11;9
61;20;9
61;18;8
61;92;8
61;44;8
61;1;7
61;220;7
61;138;7
61;31;7
61;793;7
61;884;6
61;240;6
61;205;6
61;57;5
61;16;4
61;32;4
61;6;4
61;23;4
61;130;4
61;311;4
61;249;4
61;7;4
61;246;4
61;255;4
61;198;3
61;65;3
61;231;3
61;37;3
61;425;3
61;41;3
61;5;3
61;26;3
61;64;3
61;29;3
61;2;3
61;245;3
61;103;3
61;129;3
61;21;2
61;338;2
61;28;2
61;317;2
61;204;2
61;331;2
61;143;2
61;357;2
61;111;2
61;93;2
61;13;2
61;39;2
61;150;2
61;35;2
61;10;2
61;269;2
61;749;2
61;366;2
61;122;2
61;94;2
61;316;2
61;197;2
61;66;2
61;192;2
61;666;2
61;510;2
61;169;2
61;212;2
61;9;2
61;128;2
61;154;2
61;125;1
61;659;1
61;279;1
61;281;1
61;660;1
61;84;1
61;146;1
61;885;1
61;348;1
61;308;1
61;186;1
61;756;1
61;22;1
61;69;1
61;46;1
61;619;1
61;507;1
61;19;1
61;49;1
61;418;1
61;647;1
61;886;1
61;361;1
61;8;1
61;632;1
61;142;1
61;168;1
61;315;1
61;887;1
61;38;1
61;888;1
61;100;1
61;211;1
61;340;1
61;139;1
61;735;1
61;119;1
61;145;1
61;96;1
61;889;1
61;225;1
61;782;1
61;740;1
61;765;1
61;351;1
61;52;1
61;85;1
61;144;1
61;367;1
61;73;1
61;520;1
61;535;1
61;611;1
61;149;1
61;27;1
61;112;1
61;300;1
61;40;1
61;868;1
61;370;1
61;87;1
61;483;1
61;60;1
61;236;1
61;;
61;14;1
61;54;1
61;12;1
61;171;1
61;108;1
61;232;1
61;528;1
61;61;1
61;363;1
61;263;1
61;78;1
61;266;1
61;368;1
61;218;1
61;14;1
61;167;1
61;156;1
62;100;22
62;6;17
62;31;17
62;220;13
62;112;13
62;143;12
62;11;10
62;92;7
62;26;7
62;19;7
62;148;6
62;231;6
62;33;5
62;125;5
62;1;4
62;321;4
62;343;4
62;90;4
62;29;4
62;707;3
62;66;3
62;751;3
62;138;3
62;87;3
62;64;3
62;418;3
62;128;3
62;134;3
62;442;3
62;120;3
62;61;3
62;295;3
62;254;3
62;145;3
62;318;2
62;15;2
62;668;2
62;88;2
62;9;2
62;12;2
62;130;2
62;312;2
62;239;2
62;35;2
62;137;2
62;140;2
62;185;2
62;269;2
62;10;2
62;46;2
62;204;2
62;152;2
62;171;2
62;328;2
62;8;2
62;890;2
62;168;2
62;54;2
62;96;2
62;227;1
62;246;1
62;355;1
62;278;1
62;23;1
62;123;1
62;107;1
62;517;1
62;509;1
62;483;1
62;144;1
62;208;1
62;264;1
62;438;1
62;57;1
62;348;1
62;275;1
62;63;1
62;891;1
62;42;1
62;339;1
62;21;1
62;18;1
62;243;1
62;294;1
62;268;1
62;76;1
62;226;1
62;528;1
62;44;1
62;5;1
62;892;1
62;131;1
62;607;1
62;217;1
62;508;1
62;825;1
62;68;1
62;52;1
62;162;1
62;183;1
62;674;1
62;236;1
62;34;1
62;2;1
62;25;1
62;3;1
62;291;1
62;40;1
62;82;1
62;39;1
62;292;1
64;40;47
64;55;23
64;3;16
64;7;13
64;162;10
64;508;10
64;228;8
64;14;8
64;80;7
64;59;6
64;1;6
64;63;6
64;24;5
64;93;5
64;509;5
64;20;4
64;357;4
64;121;4
64;13;4
64;11;3
64;29;3
64;124;3
64;143;3
64;21;3
64;68;2
64;39;2
64;311;2
64;317;2
64;275;2
64;220;2
64;269;2
64;513;2
64;25;2
64;85;2
64;61;2
64;222;1
64;487;1
64;802;1
64;128;1
64;9;1
64;2;1
64;10;1
64;41;1
64;814;1
64;266;1
64;132;1
64;217;1
64;6;1
64;243;1
64;30;1
64;681;1
64;171;1
64;249;1
64;209;1
64;267;1
64;89;1
64;173;1
64;17;1
64;119;1
64;400;1
64;265;1
64;129;1
64;690;1
64;111;1
64;753;1
64;204;1
64;120;1
64;517;1
64;406;1
64;49;1
64;365;1
64;258;1
64;54;1
64;76;1
64;125;1
64;893;1
64;524;1
64;18;1
64;238;1
64;233;1
64;133;1
64;5;1
64;255;1
64;229;1
64;77;1
64;130;1
64;894;1
65;20;5
65;171;4
65;220;3
65;29;3
65;507;3
65;1;3
65;6;2
65;9;2
65;138;2
65;37;2
65;895;2
65;878;2
65;327;2
65;143;2
65;11;2
65;100;1
65;137;1
65;50;1
65;482;1
65;219;1
65;2;1
65;19;1
65;207;1
65;162;1
65;21;1
65;272;1
65;66;1
65;73;1
65;412;1
65;284;1
65;57;1
65;74;1
65;896;1
65;36;1
65;897;1
65;112;1
65;474;1
65;425;1
65;348;1
65;670;1
65;35;1
65;712;1
65;730;1
65;71;1
65;10;1
66;29;58
66;34;15
66;35;11
66;14;11
66;10;9
66;9;9
66;11;9
66;162;9
66;269;8
66;6;8
66;108;8
66;17;7
66;54;7
66;1;6
66;107;6
66;803;6
66;171;6
66;270;6
66;138;5
66;802;4
66;898;4
66;57;4
66;40;4
66;71;4
66;130;3
66;15;3
66;220;3
66;211;3
66;46;3
66;468;3
66;155;2
66;647;2
66;295;2
66;113;2
66;161;2
66;735;2
66;899;2
66;239;2
66;168;2
66;173;2
66;100;2
66;283;2
66;228;2
66;763;2
66;123;2
66;12;2
66;87;2
66;279;2
66;19;2
66;316;1
66;482;1
66;319;1
66;360;1
66;351;1
66;369;1
66;310;1
66;37;1
66;474;1
66;210;1
66;207;1
66;20;1
66;224;1
66;282;1
66;96;1
66;116;1
66;208;1
66;357;1
66;31;1
66;99;1
66;25;1
66;442;1
66;5;1
66;737;1
66;218;1
66;753;1
66;186;1
66;436;1
66;111;1
66;618;1
66;104;1
66;491;1
66;757;1
66;699;1
68;173;18
68;100;10
68;1;9
68;270;8
68;18;8
68;125;7
68;77;7
68;108;7
68;47;6
68;2;5
68;9;5
68;32;5
68;57;4
68;66;4
68;46;4
68;328;4
68;84;4
68;117;3
68;15;3
68;6;3
68;14;3
68;317;3
68;133;3
68;649;3
68;39;3
68;107;3
68;75;3
68;130;3
68;162;3
68;352;3
68;23;2
68;900;2
68;362;2
68;43;2
68;474;2
68;759;2
68;695;2
68;154;2
68;29;2
68;102;2
68;217;2
68;85;2
68;55;2
68;229;2
68;516;2
68;93;2
68;26;2
68;171;2
68;70;2
68;20;2
68;269;2
68;40;2
68;220;2
68;477;2
68;357;2
68;207;2
68;212;2
68;138;2
68;25;2
68;498;2
68;129;2
68;491;2
68;76;2
68;35;2
68;28;1
68;484;1
68;88;1
68;831;1
68;486;1
68;373;1
68;143;1
68;246;1
68;316;1
68;249;1
68;490;1
68;901;1
68;111;1
68;92;1
68;295;1
68;186;1
68;61;1
68;49;1
68;847;1
68;666;1
68;708;1
68;8;1
68;13;1
68;104;1
68;56;1
68;710;1
68;296;1
68;197;1
68;754;1
68;271;1
68;90;1
68;367;1
68;689;1
68;240;1
68;19;1
68;400;1
68;454;1
68;96;1
68;145;1
68;33;1
68;703;1
68;69;1
68;73;1
68;146;1
68;472;1
68;341;1
68;276;1
68;683;1
68;753;1
68;54;1
68;72;1
68;493;1
68;34;1
68;483;1
68;223;1
68;266;1
68;5;1
68;238;1
68;760;1
68;902;1
68;123;1
68;64;1
68;231;1
68;10;1
68;95;1
69;162;34
69;270;23
69;29;20
69;228;17
69;71;12
69;10;11
69;173;10
69;57;7
69;163;7
69;15;5
69;369;4
69;474;4
69;211;4
69;289;3
69;1;3
69;869;3
69;44;3
69;20;3
69;9;2
69;5;2
69;300;2
69;327;2
69;220;2
69;107;2
69;100;2
69;269;2
69;699;2
69;18;2
69;37;2
69;321;2
69;41;2
69;254;1
69;104;1
69;264;1
69;283;1
69;108;1
69;489;1
69;903;1
69;316;1
69;483;1
69;77;1
69;43;1
69;651;1
69;140;1
69;212;1
69;112;1
69;702;1
69;111;1
69;84;1
69;206;1
69;357;1
69;367;1
69;68;1
69;247;1
69;40;1
69;19;1
69;105;1
69;85;1
70;155;12
70;34;10
70;220;8
70;44;7
70;10;6
70;327;6
70;138;6
70;347;5
70;204;4
70;173;4
70;28;4
70;6;4
70;248;4
70;85;3
70;162;3
70;57;3
70;236;3
70;40;3
70;29;3
70;143;3
70;77;2
70;50;2
70;483;2
70;54;2
70;315;2
70;17;2
70;20;2
70;263;2
70;276;2
70;240;2
70;168;2
70;71;2
70;19;2
70;2;2
70;31;2
70;73;2
70;5;2
70;129;2
70;14;2
70;878;2
70;1;2
70;24;2
70;171;2
70;331;2
70;66;2
70;747;2
70;292;2
70;339;1
70;9;1
70;146;1
70;904;1
70;102;1
70;186;1
70;209;1
70;198;1
70;137;1
70;228;1
70;;
70;29;1
70;703;1
70;815;1
70;639;1
70;905;1
70;32;1
70;23;1
70;61;1
70;103;1
70;906;1
70;907;1
70;231;1
70;867;1
70;70;1
70;303;1
70;883;1
70;611;1
70;68;1
70;8;1
70;25;1
70;468;1
70;211;1
70;321;1
70;765;1
70;776;1
70;12;1
70;267;1
70;290;1
70;21;1
70;90;1
70;908;1
70;442;1
70;100;1
70;219;1
70;909;1
70;163;1
70;96;1
70;305;1
70;406;1
70;368;1
70;682;1
70;340;1
70;910;1
70;48;1
70;154;1
70;911;1
70;314;1
70;912;1
70;91;1
70;287;1
70;680;1
70;13;1
70;518;1
70;913;1
70;738;1
70;11;1
70;86;1
71;239;11
71;769;11
71;6;10
71;20;8
71;311;8
71;35;7
71;231;7
71;11;6
71;155;6
71;5;4
71;223;4
71;138;4
71;2;4
71;90;3
71;730;3
71;92;3
71;34;3
71;670;3
71;1;3
71;9;3
71;236;2
71;44;2
71;93;2
71;33;2
71;168;2
71;100;1
71;224;1
71;318;1
71;107;1
71;89;1
71;139;1
71;914;1
71;76;1
71;750;1
71;487;1
71;29;1
71;99;1
71;32;1
71;262;1
71;125;1
71;785;1
71;96;1
71;915;1
71;42;1
71;57;1
71;569;1
71;276;1
71;662;1
71;916;1
71;134;1
71;15;1
71;765;1
71;129;1
71;186;1
71;690;1
71;237;1
71;77;1
71;14;1
71;220;1
71;290;1
71;24;1
71;406;1
71;171;1
71;315;1
71;355;1
71;126;1
72;138;84
72;61;73
72;31;14
72;29;8
72;220;7
72;186;6
72;92;6
72;145;5
72;73;4
72;204;4
72;162;4
72;367;4
72;2;3
72;26;3
72;20;3
72;236;3
72;1;3
72;569;2
72;6;2
72;296;2
72;173;2
72;168;2
72;91;2
72;490;2
72;321;1
72;219;1
72;42;1
72;;
72;29;1
72;198;1
72;917;1
72;11;1
72;39;1
72;338;1
72;;
72;14;1
72;14;1
72;71;1
72;327;1
72;239;1
72;325;1
72;918;1
72;263;1
72;50;1
72;64;1
72;163;1
72;915;1
72;77;1
72;240;1
73;248;68
73;24;56
73;155;31
73;85;29
73;10;9
73;245;8
73;108;7
73;220;5
73;77;4
73;173;4
73;263;4
73;28;3
73;7;3
73;70;3
73;133;3
73;34;2
73;46;2
73;40;2
73;229;2
73;494;2
73;224;2
73;42;2
73;487;2
73;305;1
73;252;1
73;296;1
73;64;1
73;276;1
73;103;1
73;330;1
73;311;1
73;219;1
73;446;1
73;134;1
73;228;1
73;919;1
73;6;1
73;96;1
73;1;1
74;143;65
74;1;50
74;8;42
74;186;31
74;145;22
74;2;17
74;5;16
74;52;12
74;138;12
74;24;11
74;11;10
74;168;10
74;34;7
74;920;7
74;212;6
74;220;5
74;61;5
74;19;5
74;41;5
74;85;5
74;32;5
74;6;4
74;133;4
74;485;4
74;92;4
74;29;3
74;14;3
74;51;3
74;38;3
74;311;3
74;31;3
74;483;3
74;90;2
74;77;2
74;107;2
74;146;2
74;229;2
74;134;2
74;39;2
74;284;2
74;28;2
74;93;2
74;271;2
74;198;2
74;105;2
74;474;1
74;255;1
74;74;1
74;782;1
74;130;1
74;230;1
74;;
74;14;1
74;689;1
74;162;1
74;921;1
74;173;1
74;320;1
74;189;1
74;69;1
74;222;1
74;15;1
74;94;1
74;144;1
74;68;1
74;331;1
74;33;1
74;171;1
74;317;1
74;218;1
75;6;24
75;148;20
75;35;19
75;39;17
75;158;15
75;1;12
75;690;10
75;238;9
75;140;9
75;5;8
75;922;8
75;138;7
75;272;7
75;32;7
75;18;7
75;34;6
75;292;6
75;235;6
75;254;6
75;208;6
75;66;5
75;446;5
75;639;5
75;267;5
75;84;5
75;246;5
75;42;5
75;100;5
75;161;5
75;11;4
75;145;4
75;462;4
75;29;4
75;171;4
75;112;4
75;248;4
75;489;4
75;46;3
75;223;3
75;168;3
75;61;3
75;108;3
75;2;3
75;207;3
75;134;3
75;271;3
75;312;3
75;74;3
75;255;3
75;756;2
75;15;2
75;501;2
75;683;2
75;886;2
75;651;2
75;229;2
75;305;2
75;220;2
75;129;2
75;73;2
75;113;2
75;278;2
75;212;2
75;19;2
75;262;2
75;107;2
75;250;2
75;93;2
75;406;2
75;130;2
75;894;2
75;516;2
75;98;2
75;827;2
75;236;2
75;677;2
75;918;2
75;92;2
75;51;2
75;328;2
75;263;1
75;367;1
75;833;1
75;54;1
75;37;1
75;40;1
75;923;1
75;648;1
75;163;1
75;454;1
75;924;1
75;202;1
75;91;1
75;41;1
75;111;1
75;104;1
75;231;1
75;925;1
75;89;1
75;82;1
75;506;1
75;20;1
75;709;1
75;926;1
75;154;1
75;10;1
75;43;1
75;828;1
75;244;1
75;488;1
75;598;1
75;;
75;927;1
75;628;1
75;260;1
75;204;1
75;453;1
75;715;1
75;135;1
75;743;1
75;270;1
75;226;1
75;90;1
75;928;1
75;470;1
75;892;1
75;167;1
75;485;1
75;68;1
75;60;1
75;45;1
75;247;1
75;80;1
75;670;1
75;929;1
75;438;1
75;930;1
75;24;1
75;197;1
75;21;1
75;902;1
75;467;1
75;139;1
75;308;1
75;931;1
75;106;1
75;23;1
75;33;1
75;932;1
75;142;1
75;933;1
75;819;1
75;694;1
75;76;1
75;475;1
75;309;1
75;155;1
75;57;1
76;6;21
76;1;17
76;138;14
76;220;9
76;61;8
76;2;7
76;34;7
76;143;7
76;32;7
76;41;7
76;92;6
76;238;6
76;171;5
76;254;5
76;11;5
76;20;5
76;18;5
76;90;5
76;64;4
76;46;4
76;38;4
76;5;4
76;84;4
76;29;3
76;9;3
76;68;3
76;140;3
76;133;3
76;242;3
76;57;3
76;369;3
76;93;3
76;39;3
76;107;3
76;230;3
76;130;2
76;611;2
76;66;2
76;208;2
76;77;2
76;19;2
76;229;2
76;123;2
76;69;2
76;12;2
76;17;2
76;700;2
76;8;2
76;204;2
76;3;2
76;96;2
76;155;2
76;135;2
76;830;2
76;477;1
76;14;1
76;22;1
76;346;1
76;934;1
76;267;1
76;162;1
76;23;1
76;271;1
76;618;1
76;173;1
76;240;1
76;100;1
76;794;1
76;74;1
76;10;1
76;198;1
76;104;1
76;154;1
76;121;1
76;13;1
76;304;1
76;878;1
76;168;1
76;819;1
76;161;1
76;253;1
76;678;1
76;78;1
76;329;1
76;52;1
76;466;1
76;727;1
76;163;1
76;145;1
76;935;1
76;24;1
76;330;1
76;108;1
76;87;1
76;312;1
76;149;1
76;690;1
76;351;1
76;246;1
76;487;1
76;27;1
76;156;1
76;88;1
76;270;1
76;35;1
76;499;1
76;71;1
76;305;1
76;28;1
76;122;1
76;735;1
76;30;1
77;315;40
77;6;39
77;1;35
77;2;22
77;155;21
77;41;21
77;34;16
77;24;15
77;936;14
77;5;14
77;651;10
77;276;10
77;32;9
77;145;7
77;7;7
77;296;7
77;220;7
77;107;6
77;229;6
77;205;6
77;236;5
77;238;5
77;64;4
77;157;4
77;84;4
77;20;4
77;171;3
77;10;3
77;96;3
77;33;3
77;221;3
77;46;3
77;756;3
77;282;3
77;198;2
77;50;2
77;225;2
77;728;2
77;148;2
77;123;2
77;602;2
77;212;2
77;163;2
77;85;2
77;73;2
77;133;2
77;77;2
77;168;2
77;516;2
77;489;2
77;138;1
77;207;1
77;9;1
77;52;1
77;719;1
77;108;1
77;785;1
77;223;1
77;17;1
77;230;1
77;340;1
77;366;1
77;197;1
77;288;1
77;737;1
77;142;1
77;769;1
77;600;1
77;113;1
77;782;1
77;638;1
77;102;1
77;508;1
77;239;1
77;189;1
77;21;1
77;311;1
77;115;1
77;272;1
78;24;43
78;30;32
78;92;19
78;31;17
78;39;12
78;100;12
78;29;11
78;143;10
78;34;8
78;11;8
78;298;8
78;17;7
78;137;7
78;220;7
78;10;6
78;779;6
78;138;5
78;25;5
78;168;5
78;254;5
78;269;5
78;246;5
78;1;4
78;19;4
78;196;3
78;227;3
78;128;3
78;6;3
78;134;3
78;125;3
78;310;3
78;66;3
78;15;3
78;725;3
78;228;2
78;113;2
78;162;2
78;18;2
78;60;2
78;28;2
78;20;2
78;677;2
78;14;2
78;71;2
78;902;2
78;373;1
78;248;1
78;508;1
78;243;1
78;150;1
78;244;1
78;402;1
78;918;1
78;314;1
78;154;1
78;863;1
78;;
78;937;1
78;498;1
78;;
78;938;1
78;939;1
78;940;1
78;;
78;904;1
78;;
78;941;1
78;47;1
78;942;1
78;323;1
78;682;1
78;36;1
78;943;1
78;54;1
78;418;1
78;;
78;944;1
78;354;1
78;191;1
78;86;1
78;76;1
78;272;1
78;7;1
78;73;1
78;69;1
78;309;1
78;302;1
78;355;1
78;217;1
78;111;1
78;49;1
78;279;1
78;85;1
78;107;1
78;516;1
78;112;1
78;742;1
78;509;1
78;145;1
78;123;1
78;186;1
78;894;1
78;945;1
78;667;1
78;295;1
78;93;1
78;9;1
78;223;1
78;690;1
78;321;1
78;61;1
78;255;1
78;250;1
78;46;1
78;264;1
78;813;1
78;77;1
78;329;1
78;8;1
78;78;1
78;670;1
78;59;1
78;253;1
79;35;47
79;304;24
79;11;23
79;1;16
79;20;16
79;29;16
79;162;10
79;40;9
79;21;9
79;19;8
79;57;7
79;270;7
79;173;6
79;71;6
79;10;6
79;17;5
79;34;4
79;352;3
79;155;3
79;100;2
79;400;2
79;87;2
79;367;2
79;369;1
79;9;1
79;32;1
79;186;1
79;869;1
79;38;1
79;211;1
79;319;1
79;474;1
79;258;1
79;130;1
79;74;1
79;295;1
79;6;1
79;28;1
79;102;1
79;208;1
80;220;13
80;1;10
80;2;8
80;93;5
80;229;5
80;29;4
80;751;4
80;76;4
80;24;4
80;171;4
80;103;4
80;15;4
80;112;4
80;12;3
80;13;3
80;173;3
80;82;3
80;140;3
80;42;3
80;32;3
80;77;3
80;34;3
80;304;3
80;11;3
80;6;3
80;454;3
80;17;3
80;18;3
80;37;2
80;64;2
80;329;2
80;267;2
80;139;2
80;252;2
80;85;2
80;73;2
80;25;2
80;138;2
80;26;2
80;946;1
80;477;1
80;784;1
80;40;1
80;292;1
80;154;1
80;231;1
80;253;1
80;9;1
80;69;1
80;277;1
80;146;1
80;243;1
80;52;1
80;289;1
80;46;1
80;569;1
80;699;1
80;163;1
80;900;1
80;263;1
80;523;1
80;145;1
80;19;1
80;270;1
80;100;1
80;494;1
80;316;1
80;947;1
80;20;1
80;717;1
80;363;1
80;78;1
80;5;1
80;375;1
80;244;1
80;216;1
80;55;1
80;45;1
80;254;1
80;125;1
80;96;1
80;143;1
80;317;1
80;287;1
80;8;1
80;92;1
80;832;1
80;695;1
80;328;1
80;227;1
80;725;1
80;279;1
80;90;1
80;71;1
80;238;1
80;321;1
80;162;1
80;211;1
80;110;1
80;87;1
80;134;1
80;311;1
80;708;1
80;137;1
81;6;54
81;2;41
81;92;31
81;5;31
81;31;30
81;1;28
81;33;22
81;143;19
81;238;17
81;11;16
81;93;15
81;8;15
81;61;15
81;137;14
81;32;13
81;186;12
81;46;11
81;34;11
81;39;11
81;57;10
81;19;10
81;145;10
81;140;9
81;113;9
81;308;9
81;15;8
81;425;8
81;77;8
81;20;7
81;668;7
81;227;7
81;14;7
81;207;6
81;148;6
81;29;6
81;318;6
81;41;6
81;24;6
81;64;6
81;90;6
81;71;6
81;102;5
81;54;5
81;47;5
81;30;5
81;26;5
81;224;5
81;320;5
81;9;5
81;483;4
81;312;4
81;267;4
81;217;4
81;52;4
81;35;4
81;228;4
81;104;4
81;18;3
81;21;3
81;10;3
81;367;3
81;55;3
81;72;3
81;362;3
81;277;3
81;123;3
81;162;3
81;154;3
81;948;3
81;139;3
81;51;3
81;22;3
81;198;3
81;247;3
81;341;3
81;149;3
81;355;2
81;100;2
81;89;2
81;949;2
81;169;2
81;7;2
81;229;2
81;281;2
81;111;2
81;85;2
81;325;2
81;156;2
81;663;2
81;754;2
81;742;2
81;75;2
81;58;2
81;45;2
81;401;2
81;40;2
81;258;2
81;112;2
81;487;2
81;473;2
81;130;2
81;128;2
81;235;2
81;689;2
81;83;2
81;467;2
81;;
81;14;2
81;690;2
81;220;1
81;747;1
81;893;1
81;107;1
81;223;1
81;446;1
81;950;1
81;516;1
81;171;1
81;239;1
81;276;1
81;349;1
81;208;1
81;69;1
81;657;1
81;262;1
81;756;1
81;284;1
81;507;1
81;502;1
81;789;1
81;486;1
81;951;1
81;25;1
81;13;1
81;363;1
81;142;1
81;202;1
81;70;1
81;952;1
81;520;1
81;88;1
81;953;1
81;708;1
81;110;1
81;206;1
81;283;1
81;242;1
81;402;1
81;214;1
81;126;1
81;365;1
81;400;1
81;836;1
81;728;1
81;873;1
81;351;1
81;523;1
81;81;1
81;489;1
81;656;1
81;200;1
81;183;1
81;134;1
81;868;1
81;278;1
81;76;1
81;212;1
81;23;1
81;369;1
81;517;1
81;59;1
81;404;1
81;124;1
81;28;1
81;739;1
81;168;1
81;94;1
81;354;1
81;197;1
81;293;1
81;157;1
81;454;1
81;339;1
81;211;1
81;289;1
81;954;1
81;153;1
81;311;1
81;141;1
81;161;1
81;569;1
81;770;1
81;264;1
81;279;1
81;4;1
81;648;1
81;705;1
81;291;1
81;17;1
81;237;1
81;43;1
81;129;1
81;466;1
81;256;1
81;470;1
81;135;1
81;303;1
81;321;1
81;269;1
81;731;1
81;666;1
82;13;13
82;18;12
82;104;11
82;129;10
82;162;9
82;61;9
82;300;7
82;29;6
82;1;5
82;173;5
82;9;5
82;215;5
82;87;4
82;143;4
82;23;4
82;466;4
82;57;3
82;126;3
82;92;3
82;212;3
82;6;3
82;34;3
82;35;3
82;7;2
82;22;2
82;483;2
82;145;2
82;154;2
82;265;2
82;308;2
82;207;2
82;8;2
82;14;2
82;717;2
82;40;2
82;240;2
82;93;2
82;2;2
82;10;2
82;20;1
82;339;1
82;76;1
82;747;1
82;27;1
82;68;1
82;693;1
82;5;1
82;523;1
82;44;1
82;77;1
82;362;1
82;695;1
82;316;1
82;161;1
82;242;1
82;63;1
82;667;1
82;367;1
82;955;1
82;133;1
82;3;1
82;524;1
82;956;1
82;761;1
82;11;1
82;21;1
82;599;1
82;26;1
82;30;1
82;784;1
82;610;1
82;245;1
82;228;1
82;146;1
82;12;1
82;262;1
82;618;1
82;15;1
82;49;1
82;266;1
82;256;1
82;88;1
82;84;1
82;19;1
82;168;1
82;209;1
82;52;1
82;486;1
82;653;1
82;32;1
82;186;1
82;137;1
82;275;1
82;200;1
83;20;14
83;29;7
83;162;6
83;17;4
83;21;4
83;11;4
83;9;3
83;10;3
83;155;3
83;300;3
83;304;3
83;75;3
83;1;3
83;130;3
83;40;2
83;946;2
83;34;2
83;73;2
83;100;2
83;295;2
83;369;2
83;474;2
83;321;2
83;957;2
83;400;1
83;263;1
83;287;1
83;19;1
83;269;1
83;66;1
83;221;1
83;70;1
83;270;1
83;958;1
83;36;1
83;352;1
83;24;1
83;442;1
83;50;1
83;473;1
83;72;1
83;15;1
83;238;1
83;101;1
83;154;1
83;236;1
84;1;46
84;2;12
84;33;7
84;5;6
84;24;6
84;61;6
84;11;5
84;138;4
84;44;4
84;695;3
84;208;3
84;207;3
84;149;3
84;263;3
84;6;2
84;39;2
84;779;2
84;171;2
84;254;2
84;295;2
84;73;2
84;362;1
84;84;1
84;728;1
84;224;1
84;684;1
84;402;1
84;258;1
84;220;1
84;148;1
84;18;1
84;107;1
84;215;1
84;126;1
84;77;1
84;519;1
84;482;1
84;74;1
84;352;1
84;32;1
84;255;1
84;90;1
84;959;1
84;246;1
84;8;1
84;46;1
84;30;1
84;200;1
84;813;1
84;756;1
84;123;1
84;143;1
84;140;1
84;446;1
84;212;1
84;29;1
85;1;7
85;155;6
85;31;6
85;103;5
85;171;5
85;2;4
85;311;4
85;33;3
85;138;3
85;258;3
85;400;3
85;162;3
85;69;3
85;11;3
85;960;3
85;204;3
85;220;3
85;6;2
85;246;2
85;70;2
85;5;2
85;126;2
85;140;2
85;218;2
85;7;2
85;74;2
85;651;2
85;496;2
85;48;2
85;77;1
85;599;1
85;208;1
85;141;1
85;9;1
85;130;1
85;925;1
85;143;1
85;339;1
85;8;1
85;523;1
85;80;1
85;308;1
85;59;1
85;104;1
85;168;1
85;737;1
85;722;1
85;209;1
85;249;1
85;20;1
85;24;1
85;96;1
85;68;1
85;961;1
85;36;1
85;507;1
85;254;1
85;146;1
85;718;1
85;891;1
85;39;1
85;226;1
85;791;1
85;780;1
85;43;1
85;128;1
85;183;1
85;52;1
85;37;1
86;1;9
86;9;6
86;11;6
86;18;6
86;75;6
86;346;5
86;88;4
86;24;4
86;220;4
86;19;4
86;59;4
86;254;4
86;20;4
86;10;3
86;61;3
86;34;3
86;6;3
86;3;3
86;68;2
86;29;2
86;32;2
86;223;2
86;710;2
86;144;2
86;367;2
86;64;2
86;14;2
86;52;2
86;48;2
86;130;2
86;66;2
86;140;1
86;277;1
86;315;1
86;57;1
86;355;1
86;962;1
86;186;1
86;704;1
86;111;1
86;321;1
86;133;1
86;327;1
86;125;1
86;131;1
86;92;1
86;436;1
86;2;1
86;963;1
86;446;1
86;299;1
86;204;1
86;209;1
86;137;1
86;238;1
86;83;1
86;145;1
86;54;1
86;765;1
86;279;1
86;103;1
86;853;1
86;454;1
86;39;1
86;82;1
86;760;1
86;373;1
86;46;1
86;100;1
86;112;1
86;400;1
86;40;1
86;49;1
86;121;1
86;124;1
86;843;1
86;120;1
86;56;1
86;264;1
86;183;1
86;348;1
86;37;1
86;677;1
86;8;1
86;276;1
86;149;1
86;70;1
86;239;1
86;12;1
86;246;1
86;155;1
86;104;1
86;129;1
86;84;1
86;255;1
86;107;1
86;7;1
86;318;1
86;5;1
86;93;1
87;11;22
87;77;18
87;162;18
87;240;17
87;34;15
87;28;12
87;12;12
87;107;10
87;1;9
87;276;6
87;140;6
87;143;6
87;24;5
87;236;4
87;359;4
87;964;4
87;226;4
87;17;4
87;54;4
87;40;3
87;353;3
87;29;3
87;6;3
87;242;3
87;85;3
87;10;3
87;205;3
87;20;2
87;;
87;14;2
87;25;2
87;168;2
87;64;2
87;9;2
87;15;2
87;227;2
87;163;2
87;138;2
87;26;2
87;37;2
87;296;2
87;55;2
87;8;1
87;61;1
87;104;1
87;50;1
87;220;1
87;256;1
87;5;1
87;22;1
87;212;1
87;340;1
87;295;1
87;19;1
87;139;1
87;306;1
87;21;1
87;3;1
87;725;1
87;35;1
87;663;1
87;87;1
87;57;1
87;36;1
87;41;1
87;33;1
87;223;1
87;155;1
87;891;1
87;965;1
87;323;1
87;32;1
87;344;1
87;330;1
87;935;1
87;277;1
87;109;1
87;46;1
87;229;1
87;125;1
87;173;1
88;107;48
88;240;31
88;162;15
88;143;10
88;236;8
88;171;8
88;34;8
88;103;6
88;17;5
88;6;5
88;85;5
88;92;5
88;36;4
88;9;4
88;1;4
88;11;4
88;54;3
88;7;3
88;19;3
88;425;2
88;100;2
88;61;2
88;21;2
88;14;2
88;348;2
88;370;2
88;183;2
88;10;1
88;154;1
88;29;1
88;39;1
88;155;1
88;362;1
88;41;1
88;111;1
88;133;1
88;5;1
88;123;1
88;50;1
88;25;1
88;714;1
88;340;1
88;189;1
88;673;1
88;224;1
88;82;1
88;31;1
88;91;1
88;167;1
88;278;1
88;751;1
88;287;1
88;966;1
88;37;1
88;8;1
88;163;1
88;96;1
88;122;1
88;353;1
88;229;1
88;277;1
88;104;1
88;366;1
88;175;1
89;220;12
89;1;9
89;29;7
89;129;7
89;9;5
89;162;5
89;100;5
89;66;5
89;269;4
89;31;4
89;254;4
89;138;4
89;229;4
89;154;4
89;85;4
89;11;3
89;246;3
89;28;3
89;300;2
89;212;2
89;168;2
89;77;2
89;340;2
89;20;2
89;327;2
89;148;2
89;76;2
89;61;2
89;49;2
89;36;2
89;10;2
89;280;2
89;332;1
89;707;1
89;337;1
89;218;1
89;270;1
89;785;1
89;329;1
89;6;1
89;26;1
89;39;1
89;35;1
89;279;1
89;52;1
89;155;1
89;8;1
89;219;1
89;325;1
89;751;1
89;352;1
89;113;1
89;21;1
89;910;1
89;252;1
89;197;1
89;32;1
89;41;1
89;400;1
89;285;1
89;255;1
89;68;1
89;137;1
89;161;1
89;74;1
89;203;1
89;718;1
89;747;1
89;5;1
89;123;1
89;331;1
89;209;1
89;792;1
89;307;1
89;126;1
89;282;1
89;215;1
89;462;1
89;703;1
89;321;1
89;248;1
89;25;1
89;14;1
89;19;1
89;502;1
89;245;1
89;343;1
89;467;1
89;71;1
89;240;1
89;466;1
89;34;1
89;107;1
90;1;100
90;93;86
90;61;71
90;2;60
90;31;55
90;668;47
90;6;37
90;11;35
90;92;33
90;5;25
90;143;24
90;141;21
90;8;16
90;33;12
90;90;12
90;140;11
90;210;11
90;157;9
90;425;8
90;43;8
90;308;7
90;198;7
90;318;6
90;9;6
90;46;6
90;39;5
90;32;5
90;15;4
90;171;4
90;113;4
90;20;3
90;74;3
90;229;3
90;23;3
90;57;3
90;186;3
90;859;3
90;75;2
90;237;2
90;221;2
90;19;2
90;223;2
90;34;2
90;224;2
90;21;2
90;25;2
90;29;2
90;175;2
90;13;2
90;610;2
90;145;2
90;149;2
90;525;2
90;137;2
90;569;1
90;868;1
90;64;1
90;42;1
90;85;1
90;238;1
90;77;1
90;436;1
90;453;1
90;16;1
90;967;1
90;26;1
90;17;1
90;273;1
90;87;1
90;130;1
90;252;1
90;12;1
90;104;1
90;968;1
90;305;1
90;261;1
90;200;1
90;248;1
90;89;1
90;69;1
90;107;1
90;231;1
90;790;1
90;30;1
90;3;1
90;7;1
90;523;1
90;690;1
90;648;1
90;138;1
90;47;1
90;123;1
90;267;1
90;277;1
90;71;1
90;739;1
91;29;122
92;5;22
92;29;19
92;207;17
92;40;16
92;57;15
92;44;13
92;202;13
92;10;11
92;143;10
92;64;9
92;20;8
92;1;7
92;133;7
92;62;6
92;11;6
92;163;6
92;2;5
92;45;5
92;6;5
92;34;5
92;223;5
92;186;5
92;198;4
92;71;4
92;145;4
92;32;4
92;41;4
92;367;4
92;340;4
92;9;4
92;229;4
92;38;3
92;85;3
92;513;3
92;18;3
92;59;3
92;19;3
92;357;3
92;24;3
92;312;3
92;46;3
92;61;2
92;651;2
92;200;2
92;254;2
92;220;2
92;148;2
92;140;2
92;757;2
92;243;2
92;228;2
92;108;2
92;763;2
92;263;2
92;73;2
92;96;2
92;112;2
92;17;2
92;241;2
92;232;2
92;212;2
92;701;1
92;72;1
92;25;1
92;291;1
92;602;1
92;27;1
92;321;1
92;49;1
92;37;1
92;201;1
92;237;1
92;964;1
92;406;1
92;520;1
92;244;1
92;837;1
92;339;1
92;519;1
92;948;1
92;344;1
92;222;1
92;84;1
92;146;1
92;103;1
92;236;1
92;224;1
92;747;1
92;158;1
92;107;1
92;250;1
92;130;1
92;15;1
92;765;1
92;12;1
92;123;1
92;208;1
92;488;1
92;36;1
92;168;1
92;728;1
92;31;1
92;472;1
92;315;1
92;211;1
92;767;1
92;316;1
92;300;1
92;362;1
92;473;1
92;373;1
92;213;1
92;360;1
92;121;1
92;156;1
92;119;1
93;143;55
93;569;45
93;11;38
93;168;35
93;5;34
93;90;32
93;140;28
93;92;19
93;272;18
93;231;17
93;10;17
93;39;15
93;139;15
93;1;14
93;20;14
93;37;12
93;969;11
93;61;10
93;29;9
93;75;7
93;51;4
93;214;4
93;690;3
93;970;3
93;455;3
93;171;2
93;315;2
93;948;2
93;19;1
93;130;1
93;750;1
93;311;1
93;220;1
93;96;1
94;103;21
94;143;12
94;220;8
94;162;7
94;3;7
94;29;7
94;91;6
94;5;6
94;18;6
94;59;5
94;17;5
94;61;4
94;40;4
94;246;4
94;163;4
94;10;4
94;24;3
94;112;3
94;171;3
94;71;3
94;21;3
94;231;2
94;168;2
94;77;2
94;496;2
94;765;2
94;348;2
94;154;2
94;14;2
94;85;2
94;254;2
94;264;2
94;327;2
94;42;2
94;20;2
94;39;2
94;12;2
94;971;2
94;502;2
94;26;1
94;55;1
94;76;1
94;198;1
94;123;1
94;134;1
94;672;1
94;32;1
94;735;1
94;883;1
94;130;1
94;129;1
94;798;1
94;11;1
94;1;1
94;119;1
94;321;1
94;341;1
94;352;1
94;269;1
94;329;1
94;212;1
94;328;1
94;688;1
94;790;1
94;44;1
94;778;1
94;28;1
94;756;1
94;145;1
94;466;1
94;367;1
94;482;1
94;360;1
94;140;1
94;218;1
94;52;1
94;357;1
94;972;1
94;722;1
94;807;1
94;801;1
94;100;1
94;167;1
94;619;1
94;15;1
94;425;1
94;306;1
94;92;1
94;674;1
94;90;1
94;138;1
94;698;1
94;6;1
94;46;1
94;155;1
94;725;1
94;287;1
94;118;1
94;229;1
94;204;1
94;66;1
94;670;1
94;750;1
95;18;8
95;21;8
95;6;6
95;485;5
95;66;4
95;15;4
95;151;3
95;76;3
95;309;2
95;17;2
95;254;2
95;14;2
95;11;2
95;20;2
95;19;2
95;220;2
95;265;2
95;375;2
95;302;1
95;278;1
95;43;1
95;242;1
95;34;1
95;752;1
95;973;1
95;971;1
95;496;1
95;119;1
95;85;1
95;96;1
95;329;1
95;32;1
95;765;1
95;134;1
95;725;1
95;275;1
96;90;18
96;74;12
96;5;11
96;1;11
96;238;10
96;6;9
96;58;7
96;705;6
96;17;6
96;93;5
96;25;4
96;32;4
96;148;3
96;43;3
96;134;3
96;254;3
96;269;3
96;61;3
96;2;3
96;46;3
96;690;2
96;425;2
96;64;2
96;250;2
96;40;2
96;10;2
96;44;2
96;212;2
96;340;2
96;171;2
96;198;2
96;82;2
96;220;2
96;517;2
96;100;2
96;523;1
96;11;1
96;330;1
96;227;1
96;402;1
96;747;1
96;677;1
96;173;1
96;36;1
96;60;1
96;974;1
96;651;1
96;9;1
96;54;1
96;42;1
96;246;1
96;125;1
96;158;1
96;475;1
96;200;1
96;20;1
96;263;1
96;139;1
96;76;1
96;81;1
96;3;1
96;121;1
96;316;1
96;111;1
96;85;1
96;84;1
96;321;1
96;833;1
96;278;1
96;133;1
96;33;1
96;229;1
97;220;23
97;21;20
97;171;19
97;138;8
97;19;7
97;66;6
97;339;6
97;112;6
97;231;6
97;107;6
97;32;6
97;8;5
97;5;5
97;9;5
97;274;5
97;34;5
97;11;4
97;703;4
97;348;4
97;1;4
97;162;4
97;100;4
97;168;3
97;71;3
97;327;3
97;29;3
97;50;3
97;70;3
97;787;3
97;352;3
97;400;2
97;670;2
97;134;2
97;971;2
97;28;2
97;225;2
97;143;2
97;350;2
97;756;2
97;22;2
97;496;2
97;57;2
97;305;2
97;666;2
97;975;2
97;10;2
97;976;2
97;277;2
97;140;2
97;773;1
97;92;1
97;977;1
97;832;1
97;819;1
97;255;1
97;978;1
97;64;1
97;322;1
97;307;1
97;219;1
97;85;1
97;317;1
97;311;1
97;14;1
97;26;1
97;52;1
97;122;1
97;229;1
97;321;1
97;292;1
97;146;1
97;12;1
97;242;1
97;31;1
97;87;1
97;979;1
97;96;1
97;788;1
99;17;11
99;107;8
99;1;8
99;88;7
99;125;6
99;61;5
99;34;5
99;58;5
99;6;4
99;220;4
99;207;4
99;20;4
99;32;4
99;373;4
99;351;3
99;229;3
99;46;3
99;140;3
99;15;3
99;77;3
99;133;3
99;254;3
99;94;2
99;29;2
99;43;2
99;3;2
99;144;2
99;624;2
99;104;2
99;684;2
99;11;2
99;355;2
99;82;2
99;39;2
99;14;2
99;24;2
99;340;2
99;279;2
99;672;1
99;18;1
99;699;1
99;112;1
99;330;1
99;732;1
99;237;1
99;127;1
99;255;1
99;92;1
99;467;1
99;25;1
99;54;1
99;258;1
99;5;1
99;138;1
99;10;1
99;;
99;14;1
99;64;1
99;813;1
99;13;1
99;740;1
99;506;1
99;712;1
99;123;1
99;70;1
99;85;1
99;90;1
99;100;1
99;980;1
99;157;1
99;483;1
99;790;1
99;129;1
99;228;1
99;143;1
99;93;1
99;308;1
99;8;1
99;214;1
99;283;1
100;10;19
100;100;11
100;143;10
100;129;6
100;19;5
100;66;5
100;154;4
100;162;4
100;269;4
100;92;4
100;220;4
100;252;4
100;267;4
100;14;4
100;328;4
100;84;3
100;412;3
100;32;3
100;1;3
100;155;3
100;5;3
100;2;3
100;128;3
100;339;3
100;289;3
100;137;3
100;107;3
100;255;3
100;909;2
100;219;2
100;18;2
100;161;2
100;516;2
100;28;2
100;321;2
100;474;2
100;25;2
100;215;2
100;52;2
100;29;2
100;138;2
100;76;2
100;369;2
100;9;2
100;757;1
100;125;1
100;400;1
100;670;1
100;283;1
100;264;1
100;6;1
100;308;1
100;197;1
100;715;1
100;171;1
100;467;1
100;319;1
100;30;1
100;981;1
100;221;1
100;300;1
100;270;1
100;39;1
100;20;1
100;57;1
100;46;1
100;47;1
100;230;1
100;61;1
100;218;1
100;34;1
100;320;1
100;701;1
100;278;1
100;26;1
100;91;1
100;482;1
100;982;1
100;96;1
100;983;1
100;910;1
100;146;1
100;725;1
100;506;1
100;231;1
100;274;1
100;85;1
100;8;1
100;82;1
100;504;1
100;104;1
100;984;1
100;477;1
100;935;1
100;77;1
100;295;1
100;71;1
100;203;1
100;49;1
100;204;1
100;733;1
100;15;1
101;1;18
101;6;16
101;134;13
101;100;12
101;111;10
101;19;10
101;248;9
101;39;9
101;51;9
101;29;9
101;168;8
101;77;7
101;18;6
101;85;5
101;139;5
101;34;5
101;12;5
101;35;4
101;55;4
101;10;4
101;54;4
101;90;4
101;270;3
101;;
101;14;3
101;2;3
101;61;3
101;130;3
101;59;3
101;3;3
101;46;3
101;351;3
101;5;3
101;43;3
101;20;3
101;878;2
101;125;2
101;310;2
101;478;2
101;78;2
101;308;2
101;143;2
101;236;2
101;263;2
101;287;2
101;279;2
101;352;2
101;683;2
101;22;2
101;307;2
101;228;2
101;169;2
101;240;2
101;17;2
101;264;2
101;900;2
101;488;2
101;161;2
101;162;2
101;154;2
101;57;2
101;108;2
101;11;2
101;64;2
101;93;2
101;32;2
101;48;2
101;220;2
101;950;1
101;92;1
101;96;1
101;682;1
101;442;1
101;535;1
101;137;1
101;802;1
101;373;1
101;340;1
101;70;1
101;315;1
101;15;1
101;28;1
101;66;1
101;145;1
101;212;1
101;295;1
101;33;1
101;406;1
101;985;1
101;119;1
101;486;1
101;99;1
101;702;1
101;42;1
101;138;1
101;;
101;29;1
101;258;1
101;981;1
101;986;1
101;765;1
101;26;1
101;892;1
101;602;1
101;475;1
101;321;1
101;186;1
101;705;1
101;107;1
101;25;1
101;300;1
101;118;1
101;232;1
101;948;1
101;58;1
102;29;41
102;5;35
102;186;32
102;57;22
102;1;20
102;648;15
102;35;15
102;168;15
102;74;14
102;46;12
102;8;12
102;6;11
102;55;11
102;19;10
102;11;10
102;40;10
102;10;8
102;22;8
102;90;8
102;60;7
102;91;7
102;2;6
102;20;6
102;14;6
102;44;6
102;61;6
102;45;6
102;34;5
102;24;5
102;80;5
102;264;5
102;316;5
102;92;5
102;509;4
102;483;4
102;103;4
102;28;4
102;53;4
102;270;4
102;349;4
102;25;3
102;508;3
102;204;3
102;198;3
102;82;3
102;149;3
102;728;3
102;171;3
102;308;3
102;155;2
102;9;2
102;7;2
102;796;2
102;184;2
102;340;2
102;436;2
102;497;2
102;292;2
102;137;2
102;674;2
102;209;2
102;104;2
102;169;2
102;105;2
102;17;2
102;143;2
102;71;2
102;343;2
102;54;2
102;108;2
102;470;1
102;281;1
102;299;1
102;355;1
102;311;1
102;263;1
102;217;1
102;102;1
102;782;1
102;350;1
102;419;1
102;77;1
102;661;1
102;987;1
102;206;1
102;93;1
102;200;1
102;96;1
102;113;1
102;406;1
102;362;1
102;69;1
102;138;1
102;115;1
102;284;1
102;478;1
102;519;1
102;116;1
102;367;1
102;163;1
102;59;1
102;352;1
102;501;1
102;823;1
102;33;1
102;442;1
102;369;1
102;140;1
102;146;1
102;98;1
102;112;1
102;85;1
102;248;1
102;32;1
102;229;1
102;918;1
102;100;1
102;488;1
103;18;40
103;1;26
103;6;19
103;132;18
103;15;15
103;140;14
103;238;14
103;9;13
103;80;12
103;3;10
103;40;10
103;34;10
103;77;9
103;10;9
103;14;9
103;104;8
103;128;8
103;29;8
103;44;8
103;2;6
103;19;6
103;162;6
103;794;6
103;12;5
103;130;5
103;99;5
103;20;5
103;5;4
103;287;4
103;13;4
103;171;4
103;672;4
103;57;4
103;254;4
103;;
103;14;4
103;108;4
103;61;4
103;988;3
103;223;3
103;55;3
103;264;3
103;161;3
103;154;3
103;209;3
103;294;3
103;228;3
103;270;3
103;45;3
103;71;3
103;26;3
103;88;3
103;17;3
103;227;3
103;24;3
103;121;2
103;39;2
103;207;2
103;7;2
103;32;2
103;258;2
103;198;2
103;250;2
103;145;2
103;28;2
103;129;2
103;41;2
103;695;2
103;97;2
103;100;2
103;793;2
103;33;2
103;155;2
103;59;2
103;94;2
103;208;2
103;23;2
103;52;2
103;133;2
103;119;2
103;143;2
103;169;1
103;240;1
103;246;1
103;418;1
103;229;1
103;124;1
103;524;1
103;68;1
103;149;1
103;483;1
103;148;1
103;279;1
103;49;1
103;103;1
103;66;1
103;98;1
103;27;1
103;340;1
103;110;1
103;266;1
103;87;1
103;111;1
103;767;1
103;304;1
103;163;1
103;126;1
103;117;1
103;300;1
103;362;1
103;473;1
103;139;1
103;200;1
103;92;1
103;762;1
103;123;1
103;134;1
103;351;1
103;802;1
103;493;1
103;156;1
103;236;1
103;276;1
103;35;1
103;508;1
103;486;1
103;989;1
103;90;1
103;477;1
103;38;1
103;406;1
103;472;1
103;30;1
103;704;1
103;499;1
104;34;40
104;6;36
104;155;25
104;205;19
104;20;13
104;497;13
104;29;12
104;10;12
104;204;12
104;220;10
104;11;10
104;96;10
104;171;9
104;5;8
104;145;8
104;93;8
104;19;7
104;186;7
104;77;6
104;35;6
104;143;6
104;263;6
104;354;5
104;212;5
104;9;5
104;368;5
104;2;4
104;133;4
104;157;4
104;24;4
104;331;4
104;61;3
104;85;3
104;28;3
104;1;3
104;138;3
104;70;3
104;347;2
104;229;2
104;369;2
104;239;2
104;113;2
104;366;2
104;173;2
104;218;2
104;32;2
104;107;2
104;21;2
104;88;2
104;228;2
104;245;2
104;132;2
104;163;2
104;296;2
104;224;2
104;39;1
104;246;1
104;162;1
104;683;1
104;916;1
104;112;1
104;235;1
104;14;1
104;15;1
104;238;1
104;46;1
104;41;1
104;362;1
104;89;1
104;102;1
104;243;1
104;103;1
104;227;1
104;33;1
104;146;1
104;919;1
104;232;1
104;276;1
104;569;1
104;400;1
104;130;1
104;71;1
104;189;1
104;40;1
104;946;1
104;990;1
104;73;1
104;702;1
104;8;1
104;92;1
104;308;1
104;137;1
104;785;1
104;31;1
104;484;1
104;355;1
105;34;19
105;10;15
105;29;15
105;20;14
105;162;13
105;100;12
105;9;9
105;17;8
105;270;8
105;1;7
105;228;7
105;351;7
105;269;7
105;57;6
105;362;6
105;474;6
105;19;6
105;6;5
105;140;4
105;516;4
105;991;3
105;87;3
105;130;3
105;71;3
105;295;3
105;18;3
105;352;3
105;84;3
105;47;3
105;88;3
105;54;3
105;212;3
105;90;2
105;490;2
105;39;2
105;218;2
105;254;2
105;289;2
105;11;2
105;49;2
105;133;2
105;947;2
105;129;2
105;173;2
105;107;2
105;992;2
105;138;2
105;55;1
105;993;1
105;772;1
105;15;1
105;700;1
105;123;1
105;349;1
105;122;1
105;343;1
105;77;1
105;2;1
105;53;1
105;32;1
105;211;1
105;901;1
105;467;1
105;369;1
105;400;1
105;112;1
105;72;1
105;61;1
105;304;1
105;21;1
106;276;89
106;6;76
106;145;45
106;34;44
106;107;39
106;77;34
106;10;23
106;223;22
106;29;21
106;92;17
106;353;15
106;20;14
106;1;13
106;61;12
106;240;11
106;19;10
106;163;7
106;9;6
106;138;6
106;40;6
106;167;6
106;168;6
106;994;6
106;11;5
106;357;5
106;5;5
106;17;5
106;39;4
106;295;4
106;340;4
106;71;4
106;171;4
106;93;4
106;229;4
106;186;4
106;113;4
106;235;3
106;28;3
106;103;3
106;;
106;29;3
106;133;2
106;280;2
106;162;2
106;41;2
106;341;2
106;228;2
106;284;2
106;143;2
106;72;2
106;263;2
106;54;1
106;189;1
106;88;1
106;30;1
106;344;1
106;486;1
106;12;1
106;995;1
106;206;1
106;44;1
106;257;1
106;319;1
106;90;1
106;210;1
106;834;1
106;24;1
106;140;1
106;227;1
106;239;1
106;175;1
106;18;1
106;47;1
106;367;1
106;438;1
106;156;1
106;208;1
106;224;1
106;21;1
106;320;1
106;57;1
106;8;1
106;184;1
106;108;1
107;1;14
107;6;11
107;25;10
107;93;8
107;32;7
107;61;7
107;33;7
107;2;7
107;168;6
107;161;6
107;78;5
107;39;5
107;137;4
107;739;4
107;18;4
107;143;3
107;34;3
107;5;3
107;69;3
107;21;3
107;8;3
107;807;3
107;23;2
107;62;2
107;10;2
107;22;2
107;11;2
107;58;2
107;138;2
107;270;2
107;237;2
107;92;2
107;687;2
107;736;2
107;425;2
107;155;2
107;506;2
107;130;2
107;483;2
107;123;2
107;980;2
107;220;2
107;84;2
107;30;2
107;12;2
107;357;1
107;19;1
107;118;1
107;59;1
107;139;1
107;3;1
107;119;1
107;819;1
107;57;1
107;279;1
107;141;1
107;253;1
107;99;1
107;17;1
107;276;1
107;134;1
107;689;1
107;217;1
107;89;1
107;728;1
107;222;1
107;129;1
107;77;1
107;318;1
107;46;1
107;323;1
107;140;1
107;367;1
107;516;1
107;639;1
107;600;1
107;310;1
107;31;1
107;740;1
107;462;1
107;712;1
107;765;1
107;784;1
107;926;1
107;509;1
107;317;1
107;491;1
107;9;1
107;308;1
107;88;1
107;171;1
107;325;1
107;229;1
107;82;1
107;43;1
107;20;1
107;35;1
107;498;1
107;87;1
